197
PP269825.1|Viet_Nam|NA|NA|Dengue_2|2013-02-21|2013.1397260274               0.0000000 0.0125451 0.0125525 0.0325525 0.0482443 0.0434809 0.0482753 0.2799458 0.0424529 0.0424199 0.0415876 0.2674296 0.2584957 0.2616258 0.2667929 0.2582715 0.2651414 0.0501357 0.0370489 0.0459923 0.0462895 0.0549469 0.0184576 0.2619640 0.2721994 0.2676844 0.0347779 0.2724806 0.0501263 0.2719757 0.0520856 0.2650157 0.2667818 0.2667818 0.2579589 0.0482470 0.0482229 0.0482229 0.0520953 0.0462771 0.0483081 0.0463001 0.0501514 0.2607870 0.2573519 6.4316564 0.2618563 0.2746690 0.2556708 0.2879255 0.1703896 0.2718139 0.0619643 0.0501493 0.0561597 0.2484674 0.2671418 0.0501765 0.0328192 0.0404087 0.0783345 0.2606764 0.0501357 0.2703260 0.2615143 0.2645929 0.2753708 0.0461683 0.2707510 0.0581777 0.2878214 0.2673006 0.2803477 0.0462582 0.0462582 0.0442023 0.0404029 0.0481585 0.0291544 0.2815105 0.0484365 0.2738064 0.2679258 0.0347706 0.2645492 0.2640716 0.2645492 0.2543406 0.2560566 0.2382198 0.2740018 0.2538610 0.2701781 0.2452150 0.2713275 0.2375574 0.2345984 0.2352674 0.2520069 0.0497308 0.2679258 0.2796185 0.2685988 0.2737178 0.2648899 0.0463607 0.0347172 0.0107240 0.2693485 0.2571388 0.0482098 0.0679748 0.2586032 0.2506934 0.2556576 0.2511890 0.2819667 0.2646694 0.0386286 0.0253639 0.0404710 0.0404710 0.2633624 0.2657763 0.3182919 0.0423684 0.2483722 0.2671062 0.2510481 0.0347172 0.2487115 0.0423388 0.2143038 0.2417921 0.0328822 0.0386115 0.2639679 0.2659931 0.2406198 0.2519487 0.2669697 0.0423384 0.2486824 0.1898307 0.2659931 0.2756037 0.2472235 0.2284853 0.2195543 0.2086633 0.2086633 0.2084395 0.2361893 0.2160994 0.2159418 0.0235031 0.0328626 0.0405359 0.0386219 0.0386219 0.0385206 0.2170589 0.0143486 0.0540937 0.0540687 0.2571394 0.0521820 0.0253577 0.0366790 0.2635116 0.2568440 0.2576001 0.2243517 0.2297773 0.2304342 0.0253971 0.2275468 0.0235031 0.2186906 0.2303038 0.2269289 0.2169354 0.0253639 0.0272618 0.2251624 0.0253577 0.0541188 0.2946399 0.0328940 0.2717485 0.0310070 0.2275468 0.2303684 0.2276675 0.0272204 0.0463147 0.2194886 
PP269826.1|Viet_Nam|NA|NA|Dengue_2|2012-02-22|2012.14246575342              0.0125451 0.0000000 0.0107342 0.0347611 0.0462751 0.0410803 0.0463047 0.2830416 0.0405084 0.0404769 0.0438253 0.2614122 0.2525788 0.2556690 0.2607998 0.2523634 0.2676364 0.0481604 0.0392718 0.0459532 0.0443292 0.0529190 0.0165718 0.2559947 0.2747256 0.2616578 0.0328683 0.2692959 0.0481514 0.2688007 0.0501018 0.2646404 0.2607874 0.2607874 0.2520590 0.0501384 0.0462545 0.0462545 0.0462523 0.0443175 0.0463358 0.0481864 0.0481753 0.2548606 0.2513774 6.5058484 0.2558911 0.2714807 0.2497815 0.2846376 0.1678274 0.2714226 0.0579640 0.0481733 0.0541527 0.2509236 0.2611351 0.0501498 0.0309218 0.0384788 0.0762285 0.2547554 0.0481604 0.2642796 0.2611468 0.2586027 0.2692939 0.0461438 0.2646877 0.0561604 0.2846996 0.2612887 0.2742424 0.0442994 0.0442994 0.0422580 0.0384733 0.0461931 0.0272669 0.2840643 0.0464584 0.2763230 0.2704286 0.0328615 0.2641754 0.2581029 0.2641754 0.2484951 0.2556990 0.2284839 0.2736076 0.2465848 0.2641379 0.2394804 0.2682262 0.2318842 0.2289615 0.2296059 0.2461730 0.0470663 0.2704286 0.2821786 0.2711096 0.2762325 0.2673837 0.0443972 0.0328112 0.0089160 0.2633364 0.2512716 0.0462419 0.0679383 0.2526812 0.2449074 0.2553013 0.2453884 0.2757987 0.2586771 0.0367001 0.0234964 0.0404496 0.0404496 0.2574184 0.2598179 0.3178019 0.0404279 0.2453454 0.2611025 0.2398433 0.0328112 0.2429266 0.0403999 0.2141785 0.2416492 0.0309809 0.0366839 0.2580012 0.2600276 0.2349074 0.2516000 0.2609690 0.0403995 0.2374950 0.1865720 0.2600276 0.2695183 0.2468820 0.2283505 0.2194258 0.2085419 0.2085419 0.2083184 0.2279617 0.2159737 0.2158163 0.0216439 0.0309626 0.0385994 0.0366938 0.0366938 0.0365978 0.2169318 0.0125257 0.0501760 0.0501530 0.2512704 0.0501941 0.0234907 0.0347610 0.2575633 0.2509862 0.2462299 0.2163159 0.2216700 0.2302989 0.0235271 0.2274133 0.0216439 0.2185633 0.2301686 0.2267963 0.2195625 0.0234964 0.0253838 0.2250302 0.0234907 0.0521235 0.2881762 0.0309920 0.2657264 0.0291133 0.2274133 0.2302331 0.2275339 0.0253454 0.0443534 0.2193603 
PP269829.1|Viet_Nam|NA|NA|Dengue_2|2013-05-09|2013.35068493151              0.0125525 0.0107342 0.0000000 0.0348049 0.0463039 0.0433807 0.0440414 0.2552562 0.0400551 0.0400910 0.0435901 0.2567079 0.2487556 0.2540168 0.2614360 0.2537661 0.2487586 0.0459570 0.0393255 0.0455004 0.0457796 0.0529528 0.0166753 0.2518372 0.2624275 0.2540438 0.0348288 0.2614356 0.0522862 0.2583193 0.0540702 0.2621891 0.2614246 0.2614246 0.2534886 0.0541064 0.0505547 0.0505547 0.0487496 0.0505422 0.0488601 0.0523210 0.0523101 0.2560359 0.2451518 6.2055116 0.2568970 0.2605138 0.2462324 0.2723889 0.1627601 0.2656828 0.0558371 0.0523080 0.0577791 0.2367035 0.2643863 0.0505566 0.0330477 0.0364917 0.0704318 0.2535921 0.0487498 0.2616583 0.2539884 0.2541770 0.2724374 0.0505041 0.2596479 0.0542138 0.2778551 0.2563977 0.2710320 0.0452423 0.0452423 0.0416434 0.0382124 0.0434555 0.0263489 0.2659698 0.0472056 0.2565624 0.2513934 0.0331204 0.2509134 0.2616151 0.2509134 0.2377460 0.2515628 0.2209398 0.2605897 0.2467162 0.2589601 0.2343926 0.2790992 0.2300774 0.2274335 0.2280125 0.2454267 0.0434943 0.2487425 0.2687173 0.2544441 0.2538194 0.2460927 0.0418274 0.0330767 0.0032152 0.2638817 0.2475981 0.0452479 0.0702274 0.2488456 0.2418601 0.2464092 0.2424736 0.2616505 0.2542431 0.0383324 0.0229359 0.0434873 0.0434873 0.2582934 0.2475467 0.3063948 0.0399824 0.2214687 0.2591367 0.2400092 0.0279709 0.2426695 0.0365006 0.2111350 0.2358002 0.0297109 0.0383170 0.2615217 0.2605256 0.2328099 0.2530022 0.2642326 0.0382262 0.2374413 0.1866280 0.2605256 0.2692672 0.2335778 0.2238636 0.2133719 0.2059195 0.2059195 0.2010181 0.2330677 0.2127639 0.2175692 0.0212575 0.0348083 0.0418031 0.0383264 0.0383264 0.0365582 0.2136115 0.0129874 0.0541073 0.0540846 0.2527656 0.0542400 0.0246056 0.0348440 0.2557374 0.2525049 0.2506267 0.2224252 0.2273118 0.2256295 0.0246446 0.2230406 0.0212575 0.2150962 0.2255138 0.2223919 0.2159799 0.0229359 0.0263319 0.2208931 0.0246056 0.0505684 0.2695966 0.0331343 0.2635400 0.0297194 0.2254064 0.2255709 0.2231461 0.0246110 0.0417902 0.2158011 
PP269828.1|Viet_Nam|NA|NA|Dengue_2|2013-07-31|2013.57808219178              0.0325525 0.0347611 0.0348049 0.0000000 0.0391916 0.0434171 0.0212968 0.2360724 0.0036651 0.0037530 0.0174021 0.2569665 0.2479425 0.2539107 0.2505063 0.2505213 0.2416797 0.0202864 0.0095591 0.0115748 0.0095573 0.0218408 0.0281804 0.2514363 0.2423334 0.2509038 0.0167100 0.2447279 0.0129432 0.2445011 0.0148206 0.2693469 0.2535363 0.2535363 0.2503010 0.0148276 0.0129492 0.0129492 0.0110756 0.0129462 0.0110965 0.0129492 0.0148206 0.2475094 0.2419652 6.1791746 0.2510953 0.2533861 0.2450823 0.2507271 0.1648593 0.2664758 0.0320318 0.0129432 0.0167336 0.2344503 0.2602564 0.0439139 0.0378352 0.0339673 0.0832651 0.2367017 0.0223969 0.2685491 0.2422092 0.2602147 0.2699465 0.0458609 0.2604662 0.0167357 0.2810375 0.2656130 0.2558220 0.0204975 0.0204975 0.0358931 0.0359109 0.0418353 0.0379436 0.2578630 0.0419217 0.2444285 0.2416606 0.0186068 0.2475672 0.2477109 0.2475672 0.2387254 0.2543037 0.2225917 0.2527106 0.2495766 0.2656130 0.2273620 0.2551784 0.2164497 0.2135233 0.2108237 0.2304329 0.0438763 0.2387123 0.2615060 0.2450387 0.2443737 0.2387123 0.0340986 0.0300915 0.0320224 0.2620412 0.2448153 0.0129463 0.0808590 0.2540925 0.2264949 0.2309409 0.2273755 0.2657139 0.2573675 0.0378869 0.0320251 0.0320251 0.0320251 0.2446571 0.2475966 0.2684925 0.0339930 0.2298557 0.2413748 0.2331474 0.0320257 0.2302324 0.0359262 0.2042309 0.2258623 0.0320872 0.0398426 0.2363102 0.2503869 0.2166255 0.2354145 0.2392641 0.0398461 0.2182695 0.1797642 0.2503869 0.2692383 0.2340996 0.2179211 0.2067305 0.1984373 0.1984373 0.1954465 0.2170444 0.2060772 0.2086807 0.0262323 0.0437690 0.0398226 0.0437686 0.0437686 0.0438816 0.2097527 0.0281464 0.0578556 0.0578556 0.2328890 0.0559391 0.0300755 0.0167179 0.2568850 0.2384750 0.2387162 0.2086924 0.2140740 0.2177649 0.0320169 0.2175248 0.0262323 0.2086807 0.2202873 0.2169832 0.2096337 0.0320251 0.0339658 0.2146309 0.0300755 0.0518952 0.2536670 0.0418334 0.2482318 0.0378802 0.2201710 0.2203498 0.2203498 0.0320169 0.0398927 0.2094433 
PP269831.1|Viet_Nam|NA|NA|Dengue_2|2012-03-30|2012.24109589041              0.0482443 0.0462751 0.0463039 0.0391916 0.0000000 0.0269846 0.0522888 0.2846800 0.0425293 0.0424961 0.0483137 0.2682700 0.2592900 0.2624368 0.2560061 0.2531293 0.2774515 0.0502274 0.0437308 0.0458721 0.0463734 0.0550502 0.0534353 0.2627781 0.2847364 0.2624680 0.0386545 0.2672602 0.0502180 0.2728340 0.0521813 0.2715599 0.2559923 0.2559923 0.2528240 0.0522198 0.0483108 0.0483108 0.0521911 0.0463611 0.0483964 0.0502548 0.0502432 0.2500944 0.2521487 6.3850627 0.2566753 0.2694515 0.2564515 0.2764046 0.1756140 0.2784794 0.0620810 0.0463381 0.0484135 0.2664670 0.2615710 0.0561849 0.0404623 0.0443314 0.0825926 0.2583523 0.0502274 0.2711810 0.2547398 0.2654192 0.2644698 0.0521050 0.2655121 0.0582866 0.2914730 0.2681396 0.2812478 0.0463420 0.0463420 0.0481578 0.0443250 0.0482462 0.0521595 0.2942861 0.0254122 0.2863110 0.2802964 0.0386462 0.2768179 0.2588944 0.2768179 0.2606818 0.2624680 0.2329006 0.2865167 0.2447108 0.2710316 0.2456084 0.2629118 0.2379339 0.2349677 0.2356393 0.2524195 0.0143939 0.2802964 0.2924062 0.2810206 0.2862122 0.2771843 0.0503580 0.0385862 0.0442994 0.2641499 0.2520287 0.0482976 0.0782916 0.2593986 0.2456354 0.2677099 0.2492265 0.2946196 0.2654963 0.0161501 0.0366611 0.0463398 0.0463398 0.2526489 0.2606141 0.3061460 0.0424444 0.2487735 0.2619079 0.2514555 0.0348023 0.2436486 0.0462817 0.2339343 0.2565122 0.0367146 0.0125101 0.2528670 0.2608246 0.2410039 0.2523609 0.2499233 0.0462814 0.2490850 0.2035407 0.2608246 0.2674806 0.2711838 0.2428779 0.2336479 0.2224473 0.2224473 0.2166735 0.2507508 0.2357049 0.2355239 0.0347537 0.0327985 0.0216337 0.0197960 0.0197960 0.0501219 0.2310962 0.0366518 0.0403347 0.0403169 0.2579221 0.0403774 0.0328840 0.0405742 0.2555287 0.2517413 0.2583868 0.2385277 0.2440984 0.2448173 0.0216608 0.2476561 0.0309990 0.2383841 0.2505237 0.2357534 0.2395280 0.0366611 0.0235090 0.2394205 0.0328840 0.0562271 0.2822702 0.0290919 0.2665486 0.0272220 0.2476561 0.2505954 0.2533332 0.0385587 0.0423903 0.2338733 
PP269837.1|Viet_Nam|NA|NA|Dengue_2|2015-10-09|2015.7698630137               0.0434809 0.0410803 0.0433807 0.0434171 0.0269846 0.0000000 0.0604937 0.2720870 0.0434171 0.0434171 0.0579278 0.3079653 0.3036686 0.3079412 0.2913108 0.2874285 0.2762859 0.0530474 0.0482015 0.0506081 0.0458127 0.0554868 0.0481632 0.3084960 0.2971550 0.3039454 0.0386670 0.2869138 0.0481744 0.2904244 0.0505911 0.3163741 0.2952451 0.2952451 0.2909939 0.0506225 0.0482041 0.0482041 0.0482310 0.0457976 0.0483095 0.0482041 0.0505911 0.2874285 0.2670696 6.2911567 0.3002684 0.2944677 0.2999102 0.2986340 0.1920559 0.3202665 0.0728331 0.0481744 0.0435155 0.2747639 0.2962835 0.0654719 0.0457205 0.0505794 0.0936304 0.2761814 0.0554389 0.3079653 0.2876098 0.3119495 0.2920803 0.0603096 0.3002272 0.0555900 0.3388254 0.3079893 0.3178295 0.0530227 0.0530227 0.0481387 0.0505534 0.0554289 0.0506670 0.2970221 0.0293739 0.2833014 0.2797779 0.0386567 0.2800005 0.2875173 0.2800005 0.2751433 0.3041993 0.2618946 0.2926091 0.2779819 0.3079893 0.2785576 0.2992571 0.2726993 0.2687444 0.2651991 0.2838473 0.0262248 0.2797779 0.2907329 0.2806653 0.2870483 0.2797779 0.0483959 0.0433975 0.0409990 0.3019186 0.2873438 0.0506054 0.0883063 0.3038565 0.2820968 0.2728956 0.2608519 0.2988248 0.3082499 0.0201199 0.0410033 0.0481792 0.0481792 0.2879516 0.2944901 0.3144018 0.0530587 0.2686716 0.2866066 0.2906502 0.0386670 0.2763488 0.0554478 0.2289748 0.2492500 0.0293443 0.0178337 0.2847197 0.2872219 0.2730033 0.2829502 0.2886208 0.0530407 0.2677285 0.2059299 0.2872219 0.2960081 0.2885051 0.2462273 0.2355875 0.2252627 0.2252627 0.2214128 0.2351888 0.2242895 0.2275065 0.0362758 0.0339376 0.0292998 0.0246794 0.0246794 0.0529801 0.2289748 0.0362740 0.0386575 0.0386575 0.2761377 0.0410434 0.0386329 0.0410396 0.2842921 0.2868921 0.2799243 0.2247984 0.2314691 0.2356432 0.0246855 0.2385928 0.0339482 0.2275065 0.2385103 0.2383750 0.2357679 0.0410033 0.0269914 0.2419736 0.0386329 0.0654188 0.3108285 0.0339683 0.3028856 0.0316288 0.2385928 0.2421260 0.2385928 0.0409901 0.0410990 0.2289037 
PP269851.1|Viet_Nam|NA|NA|Dengue_2|2013-03-28|2013.23561643836              0.0482753 0.0463047 0.0440414 0.0212968 0.0522888 0.0604937 0.0000000 0.2707508 0.0148108 0.0148005 0.0313892 0.2579812 0.2499189 0.2552526 0.2631121 0.2604432 0.2611242 0.0224571 0.0272593 0.0299445 0.0215240 0.0276774 0.0468741 0.2530455 0.2697006 0.2552801 0.0198280 0.2738789 0.0266003 0.2706255 0.0283120 0.2690905 0.2631011 0.2631011 0.2601536 0.0283301 0.0249159 0.0249159 0.0232000 0.0249104 0.0232498 0.0266172 0.0266118 0.2576251 0.2599467 6.2554127 0.2581740 0.2728730 0.2473619 0.2795261 0.1766288 0.2726968 0.0334694 0.0266107 0.0318169 0.2592177 0.2654172 0.0530454 0.0457354 0.0422432 0.0846455 0.2548194 0.0266058 0.2685291 0.2606781 0.2608804 0.2937278 0.0511993 0.2609637 0.0283839 0.2847352 0.2631411 0.2724941 0.0232074 0.0232074 0.0475166 0.0440058 0.0493831 0.0458127 0.2790674 0.0569050 0.2692211 0.2638624 0.0215217 0.2657620 0.2684830 0.2657620 0.2601896 0.2582019 0.2372460 0.2734753 0.2565189 0.2657631 0.2405719 0.2721061 0.2309863 0.2283068 0.2288959 0.2465415 0.0559965 0.2611096 0.2784985 0.2670523 0.2663650 0.2583578 0.0477321 0.0387458 0.0422154 0.2707955 0.2540978 0.0198265 0.0843850 0.2554160 0.2429218 0.2557700 0.2435461 0.2797780 0.2609495 0.0477138 0.0387282 0.0458487 0.0458487 0.2650601 0.2594603 0.3058445 0.0422808 0.2431564 0.2659491 0.2407856 0.0405009 0.2437457 0.0387616 0.2424141 0.2633473 0.0458185 0.0476939 0.2573915 0.2673345 0.2337560 0.2571189 0.2601107 0.0440222 0.2348390 0.2118254 0.2673345 0.2846006 0.2558768 0.2507336 0.2394910 0.2315422 0.2315422 0.2212256 0.2604039 0.2440206 0.2438455 0.0369715 0.0546985 0.0512611 0.0477058 0.0477058 0.0529759 0.2450805 0.0352287 0.0639492 0.0639212 0.2539771 0.0677800 0.0369864 0.0198363 0.2705177 0.2591145 0.2545127 0.2489960 0.2541792 0.2579272 0.0405321 0.2551344 0.0335146 0.2465047 0.2577937 0.2489576 0.2476061 0.0387282 0.0422949 0.2475036 0.0369864 0.0621367 0.2768247 0.0494029 0.2649011 0.0458317 0.2576556 0.2578617 0.2603944 0.0404743 0.0548213 0.2473755 
PP269855.1|Viet_Nam|NA|NA|Dengue_2|2014-10-29|2014.82465753425              0.2799458 0.2830416 0.2552562 0.2360724 0.2846800 0.2720870 0.2707508 0.0000000 0.2595713 0.2587596 0.2515164 0.1839933 0.1813242 0.1758866 0.1783235 0.1732383 0.0056509 0.2816229 0.2429592 0.2617470 0.2665872 0.2853663 0.2551315 0.1763466 0.2568782 0.1785867 0.2654487 0.1681386 0.2686231 0.1628338 0.2686231 0.1602012 0.1782933 0.1782933 0.1729505 0.2625693 0.2595574 0.2595574 0.2651831 0.2657462 0.2695919 0.2625693 0.2624891 0.1729505 0.1755164 5.8908358 0.1731403 0.1675814 0.1787019 0.1655107 0.1542772 0.1760863 0.2719354 0.2688606 0.2826690 0.0191635 0.1835807 0.2554822 0.2521342 0.2433365 0.2367382 0.1705713 0.2781709 0.1811443 0.1658935 0.1550031 0.1764273 0.2778937 0.1576337 0.2926943 0.1893105 0.1679993 0.1781189 0.2781887 0.2781887 0.2553418 0.2526077 0.2464804 0.2650490 0.0133225 0.2712317 0.0094484 0.0056496 0.2560554 0.0230123 0.1575041 0.0230123 0.1034779 0.1500968 0.0857259 0.0290722 0.1751111 0.1732303 0.1579564 0.1971222 0.1471615 0.1446400 0.1474624 0.1445480 0.2659481 0.0037593 0.0133714 0.0094488 0.0075443 0.0075472 0.2530046 0.2464916 0.2550774 0.1811544 0.1600590 0.2718517 0.2393930 0.1550031 0.1549687 0.0349744 0.1649357 0.0369508 0.1550457 0.2508123 0.2588276 0.2590339 0.2590339 0.1569167 0.1573643 0.2743239 0.2619908 0.2131424 0.1683653 0.1649589 0.2494283 0.1622564 0.2554032 0.2136621 0.2259469 0.2532363 0.2631886 0.1757249 0.1678266 0.1547384 0.1574520 0.1810932 0.2492783 0.1552223 0.1913058 0.1678266 0.1761561 0.0410715 0.2171005 0.1968775 0.2078559 0.2078559 0.2081933 0.2427680 0.2136372 0.2106086 0.2494723 0.2679242 0.2506000 0.2628902 0.2628902 0.2686618 0.2136745 0.2615842 0.2856489 0.2853851 0.1778032 0.2764648 0.2493380 0.2593494 0.1655562 0.1522717 0.1549274 0.2359380 0.2360727 0.2194387 0.2499669 0.2141585 0.2464025 0.2077715 0.2197844 0.2273224 0.2138131 0.2554664 0.2530644 0.2137187 0.2493380 0.2562080 0.1077818 0.2623409 0.1788020 0.2467413 0.2168746 0.2170550 0.2197844 0.2525765 0.2817173 0.2137117 
PP269866.1|Viet_Nam|NA|NA|Dengue_2|2013-08-13|2013.61369863014              0.0424529 0.0405084 0.0400551 0.0036651 0.0425293 0.0434171 0.0148108 0.2595713 0.0000000 0.0000026 0.0173936 0.2500425 0.2423505 0.2474404 0.2547398 0.2548178 0.2602291 0.0136967 0.0095546 0.0128664 0.0065221 0.0182756 0.0383596 0.2453185 0.2633301 0.2474659 0.0111058 0.2598984 0.0110987 0.2621350 0.0127051 0.2630954 0.2549355 0.2549355 0.2521321 0.0127126 0.0095051 0.0095051 0.0079033 0.0095032 0.0079191 0.0111053 0.0111031 0.2497142 0.2465810 6.1705539 0.2450359 0.2590035 0.2399055 0.2652189 0.1720521 0.2640365 0.0273921 0.0111027 0.0159634 0.2508175 0.2571464 0.0426490 0.0357417 0.0324166 0.0780768 0.2470426 0.0175584 0.2625726 0.2474161 0.2528007 0.2813589 0.0426067 0.2555116 0.0159713 0.2782992 0.2574128 0.2586694 0.0143230 0.0143230 0.0374323 0.0340903 0.0391885 0.0408890 0.2747629 0.0445372 0.2653540 0.2602149 0.0127157 0.2597190 0.2548026 0.2597190 0.2418272 0.2502457 0.2277217 0.2643457 0.2478780 0.2599259 0.2314286 0.2606744 0.2193693 0.2168396 0.2173670 0.2340904 0.0468350 0.2575756 0.2810421 0.2632664 0.2626188 0.2549368 0.0375930 0.0290903 0.0374437 0.2649459 0.2412636 0.0079064 0.0760203 0.2475904 0.2330489 0.2500303 0.2362992 0.2704059 0.2528650 0.0392798 0.0307441 0.0358253 0.0358253 0.2516076 0.2463278 0.2843954 0.0324435 0.2405332 0.2524003 0.2289181 0.0307575 0.2364829 0.0324243 0.2301290 0.2523520 0.0374937 0.0392643 0.2443402 0.2616604 0.2219806 0.2464882 0.2469070 0.0357723 0.2230844 0.2008729 0.2616604 0.2781863 0.2504351 0.2379719 0.2273784 0.2198665 0.2198665 0.2125154 0.2497639 0.2317020 0.2315459 0.0290713 0.0459641 0.0426644 0.0443653 0.0443653 0.0443105 0.2326482 0.0307373 0.0582700 0.0582457 0.2360943 0.0583725 0.0274213 0.0111102 0.2647021 0.2460212 0.2467585 0.2389595 0.2438893 0.2448159 0.0324532 0.2421808 0.0257703 0.2340592 0.2446930 0.2389240 0.2350429 0.0307441 0.0341331 0.2349500 0.0274213 0.0530199 0.2678321 0.0409052 0.2545426 0.0375043 0.2445714 0.2447547 0.2471557 0.0324101 0.0426246 0.2348400 
PP269863.1|Viet_Nam|NA|NA|Dengue_2|2014-09-22|2014.72328767123              0.0424199 0.0404769 0.0400910 0.0037530 0.0424961 0.0434171 0.0148005 0.2587596 0.0000026 0.0000000 0.0173936 0.2541200 0.2462070 0.2514425 0.2591615 0.2565419 0.2595648 0.0136867 0.0095546 0.0128664 0.0065179 0.0182614 0.0373897 0.2492681 0.2652611 0.2514691 0.0113355 0.2642510 0.0113281 0.2665455 0.0129681 0.2650183 0.2591494 0.2591494 0.2562607 0.0129760 0.0097015 0.0097015 0.0080662 0.0096995 0.0080827 0.0113350 0.0113327 0.2537761 0.2506060 6.0807207 0.2489720 0.2633128 0.2436947 0.2697292 0.1740250 0.2685418 0.0279675 0.0113323 0.0162956 0.2499538 0.2560435 0.0435622 0.0364998 0.0331017 0.0779289 0.2510251 0.0179237 0.2644775 0.2514154 0.2569617 0.2835092 0.0417800 0.2570424 0.0163039 0.2803860 0.2591888 0.2629616 0.0146202 0.0146202 0.0382276 0.0348129 0.0400224 0.0400222 0.2744082 0.0437342 0.2647986 0.2595502 0.0129792 0.2590452 0.2590086 0.2590452 0.2456627 0.2543329 0.2286235 0.2637649 0.2493528 0.2617639 0.2319273 0.2651269 0.2225792 0.2199788 0.2205292 0.2377036 0.0458510 0.2568554 0.2772965 0.2626651 0.2620056 0.2541616 0.0383951 0.0297034 0.0365143 0.2667085 0.2450688 0.0080695 0.0776968 0.2515998 0.2342233 0.2491525 0.2399673 0.2699593 0.2570287 0.0383809 0.0296901 0.0365870 0.0365870 0.2557103 0.2502770 0.2837921 0.0331299 0.2393034 0.2565403 0.2323813 0.0314068 0.2401598 0.0331098 0.2336493 0.2540036 0.0365639 0.0383654 0.2482432 0.2633249 0.2252647 0.2504446 0.2508835 0.0348254 0.2263758 0.2036791 0.2633249 0.2802547 0.2520440 0.2417182 0.2308184 0.2230983 0.2230983 0.2130677 0.2511557 0.2352502 0.2350870 0.0279871 0.0451935 0.0418293 0.0418313 0.0418313 0.0435076 0.2362393 0.0296835 0.0577322 0.0577077 0.2397526 0.0578357 0.0279980 0.0113401 0.2664420 0.2499555 0.2507283 0.2400981 0.2451402 0.2487417 0.0314304 0.2460308 0.0246256 0.2376706 0.2486143 0.2400617 0.2386989 0.0296901 0.0331410 0.2386022 0.0279980 0.0541664 0.2725235 0.0400384 0.2530240 0.0365744 0.2484866 0.2486786 0.2511452 0.0313868 0.0417896 0.2384858 
PP269890.1|Viet_Nam|NA|NA|Dengue_2|2020-05-12|2020.35890410959              0.0415876 0.0438253 0.0435901 0.0174021 0.0483137 0.0579278 0.0313892 0.2515164 0.0173936 0.0173936 0.0000000 0.2835690 0.2737061 0.2802251 0.2764558 0.2731820 0.2513590 0.0265253 0.0154331 0.0135334 0.0115271 0.0308406 0.0374225 0.2742779 0.2614056 0.2769390 0.0273178 0.2636999 0.0173807 0.2634342 0.0193505 0.2872053 0.2797687 0.2797687 0.2762045 0.0193601 0.0173892 0.0173892 0.0253127 0.0173848 0.0134951 0.0173892 0.0193505 0.2731820 0.2643802 6.1910294 0.2771742 0.2665085 0.2706022 0.2701709 0.1782585 0.2872242 0.0436012 0.0173807 0.0233561 0.2375592 0.2805089 0.0563220 0.0455856 0.0456562 0.0960035 0.2551246 0.0313286 0.2862754 0.2610235 0.2804500 0.2944043 0.0541422 0.2774129 0.0313984 0.3063324 0.2831329 0.2821603 0.0313399 0.0313399 0.0476949 0.0477204 0.0540332 0.0478129 0.2685958 0.0520385 0.2542669 0.2513403 0.0293359 0.2544388 0.2734205 0.2544388 0.2604117 0.2740847 0.2277824 0.2631619 0.2713042 0.2831329 0.2413383 0.2757278 0.2333418 0.2301859 0.2272981 0.2483486 0.0492869 0.2482137 0.2638388 0.2549428 0.2542036 0.2482137 0.0458444 0.0415377 0.0415219 0.2856431 0.2577903 0.0273153 0.0956782 0.2738362 0.2411514 0.2400200 0.2450335 0.2703098 0.2773949 0.0477371 0.0415257 0.0436254 0.0436254 0.2636134 0.2667790 0.2796069 0.0456935 0.2416993 0.2664600 0.2446817 0.0435924 0.2543887 0.0477417 0.2291655 0.2498178 0.0416114 0.0498067 0.2610410 0.2730186 0.2335474 0.2570088 0.2642652 0.0498358 0.2413103 0.1947286 0.2730186 0.2935597 0.2462810 0.2379715 0.2199600 0.2169155 0.2169155 0.2107643 0.2339000 0.2310515 0.2338726 0.0353925 0.0497559 0.0497800 0.0518807 0.0518807 0.0519976 0.2352008 0.0374150 0.0689142 0.0689142 0.2572456 0.0669037 0.0415140 0.0273315 0.2801194 0.2633003 0.2636018 0.2249313 0.2306930 0.2439040 0.0415140 0.2436125 0.0353925 0.2338726 0.2466309 0.2338303 0.2350503 0.0415257 0.0435797 0.2343620 0.0415140 0.0626115 0.2672483 0.0519215 0.2701463 0.0477278 0.2464832 0.2467055 0.2467055 0.0415140 0.0540891 0.2348072 
PP269916.1|Viet_Nam|NA|NA|Dengue_2|2022-08-12|2022.61095890411              0.2674296 0.2614122 0.2567079 0.2569665 0.2682700 0.3079653 0.2579812 0.1839933 0.2500425 0.2541200 0.2835690 0.0000000 0.0079060 0.0079044 0.0688863 0.0689510 0.1943251 0.2614900 0.2631322 0.2764893 0.2632645 0.2642560 0.2488566 0.0191977 0.2830880 0.0143217 0.2603753 0.0855392 0.2601451 0.0873882 0.2628110 0.0374318 0.0688701 0.0688701 0.0670860 0.2525157 0.2526316 0.2526316 0.2573081 0.2577587 0.2609169 0.2551304 0.2550654 0.0688701 0.0964562 6.3424200 0.0127064 0.0928590 0.0063157 0.0968869 0.1868899 0.0442768 0.2400310 0.2603342 0.2583849 0.1901533 0.0968573 0.2576834 0.2492098 0.2545465 0.2491479 0.1239038 0.2682409 0.0306834 0.0764031 0.0274018 0.0951067 0.2705249 0.0324086 0.2666102 0.0834820 0.0208026 0.0872786 0.2603753 0.2603753 0.2570076 0.2545083 0.2472432 0.2680016 0.2020787 0.2702831 0.1988843 0.1943058 0.2549740 0.1851073 0.0654049 0.1851073 0.1957716 0.0257516 0.1754260 0.1808177 0.0809082 0.0224355 0.0967938 0.0988703 0.0966788 0.0947487 0.0949216 0.0985429 0.2843587 0.1919761 0.2115993 0.2016395 0.1964984 0.1943058 0.2532783 0.2446660 0.2516724 0.0599919 0.0725909 0.2601588 0.2238848 0.0240976 0.1100638 0.1799991 0.1236869 0.1911424 0.0274073 0.2557594 0.2419587 0.2654545 0.2654545 0.0690213 0.0761692 0.2932637 0.2546771 0.2010312 0.0565438 0.1159724 0.2521330 0.0708151 0.2546244 0.2520542 0.2569733 0.2548463 0.2608746 0.0874233 0.0817519 0.1004850 0.0529298 0.0930847 0.2489848 0.1085053 0.2347444 0.0817519 0.0930989 0.1671271 0.2683290 0.2569326 0.2492009 0.2492009 0.2465298 0.2804066 0.2410692 0.2357863 0.2492728 0.2648482 0.2609981 0.2581037 0.2581037 0.2683626 0.2442091 0.2518640 0.2687990 0.2685991 0.0818008 0.2652804 0.2468677 0.2630449 0.0836998 0.0530266 0.0511938 0.2688006 0.2635588 0.2468060 0.2498008 0.2466192 0.2444087 0.2383433 0.2491762 0.2580561 0.2417700 0.2493985 0.2524005 0.2650240 0.2468677 0.2451205 0.1898186 0.2575339 0.0836547 0.2473884 0.2490493 0.2492398 0.2516808 0.2447010 0.2818236 0.2415545 
PP269912.1|Viet_Nam|NA|NA|Dengue_2|2023-02-02|2023.08767123288              0.2584957 0.2525788 0.2487556 0.2479425 0.2592900 0.3036686 0.2499189 0.1813242 0.2423505 0.2462070 0.2737061 0.0079060 0.0000000 0.0063145 0.0635167 0.0635755 0.1920325 0.2530093 0.2536648 0.2671827 0.2551205 0.2610383 0.2410319 0.0175721 0.2752105 0.0127119 0.2525288 0.0836894 0.2523097 0.0855322 0.2549342 0.0357502 0.0635016 0.0635016 0.0617352 0.2447889 0.2448982 0.2448982 0.2495227 0.2499520 0.2530442 0.2473638 0.2473013 0.0635016 0.0906956 6.3639316 0.0111020 0.0909870 0.0047300 0.0949949 0.1800819 0.0425715 0.2324763 0.2524895 0.2505474 0.1878753 0.0949672 0.2498783 0.2415535 0.2468065 0.2414949 0.1179260 0.2602782 0.0290253 0.0709351 0.0257516 0.0894299 0.2625390 0.0307419 0.2586384 0.0779570 0.0191743 0.0854254 0.2525288 0.2525288 0.2492358 0.2467696 0.2395975 0.2600501 0.1997425 0.2622230 0.1965724 0.1920131 0.2472154 0.1828544 0.0600627 0.1828544 0.1888517 0.0241063 0.1732241 0.1785806 0.0809268 0.0208024 0.0949050 0.0969374 0.0910042 0.0890975 0.0892586 0.0928500 0.2774306 0.1896929 0.2091918 0.1993103 0.1941982 0.1873758 0.2507153 0.2370575 0.2439841 0.0547123 0.0671753 0.2523228 0.2214789 0.0224579 0.1042433 0.1777763 0.1177219 0.1888744 0.0257567 0.2479620 0.2343942 0.2575362 0.2575362 0.0601161 0.0743557 0.2904764 0.2469300 0.1987423 0.0512930 0.1100852 0.2444229 0.0690174 0.2468814 0.2494804 0.2543785 0.2470915 0.2530044 0.0855665 0.0762379 0.0947691 0.0477268 0.0912074 0.2413411 0.1026820 0.2321869 0.0762379 0.0874518 0.1649519 0.2656698 0.2543385 0.2466436 0.2466436 0.2439861 0.2777037 0.2385562 0.2333011 0.2416141 0.2569629 0.2531210 0.2502812 0.2502812 0.2603917 0.2416747 0.2441663 0.2608077 0.2606176 0.0762824 0.2573729 0.2392390 0.2551570 0.0781570 0.0478131 0.0460079 0.2661641 0.2609471 0.2442586 0.2421176 0.2440746 0.2419003 0.2358456 0.2466192 0.2554742 0.2392459 0.2417329 0.2446780 0.2623883 0.2392390 0.2374942 0.1875154 0.2497378 0.0818121 0.2397355 0.2464947 0.2466821 0.2491129 0.2421875 0.2736515 0.2390345 
PP269903.1|Viet_Nam|NA|NA|Dengue_2|2022-06-21|2022.46849315068              0.2616258 0.2556690 0.2540168 0.2539107 0.2624368 0.3079412 0.2552526 0.1758866 0.2474404 0.2514425 0.2802251 0.0079044 0.0063145 0.0000000 0.0635035 0.0635622 0.1873514 0.2586187 0.2599249 0.2733357 0.2605077 0.2642400 0.2462096 0.0143273 0.2747783 0.0095012 0.2577199 0.0874105 0.2574936 0.0855139 0.2601451 0.0323841 0.0634884 0.0634884 0.0617224 0.2499016 0.2500153 0.2500153 0.2546738 0.2551171 0.2582525 0.2525026 0.2524385 0.0634884 0.0906758 6.3984965 0.0047291 0.0909675 0.0047291 0.0949745 0.1800393 0.0391545 0.2374763 0.2576795 0.2557327 0.1832260 0.0949468 0.2550423 0.2417788 0.2467443 0.2465592 0.1179000 0.2655454 0.0224347 0.0709202 0.0224534 0.0894108 0.2678214 0.0274083 0.2639116 0.0779406 0.0127043 0.0854071 0.2577199 0.2577199 0.2543779 0.2518901 0.2395374 0.2653100 0.1949687 0.2675542 0.1918488 0.1873310 0.2523490 0.1782587 0.0600503 0.1782587 0.1888066 0.0208189 0.1687367 0.1740194 0.0809082 0.0143130 0.0910922 0.0969162 0.0909847 0.0890783 0.0892395 0.0928301 0.2807440 0.1850344 0.2042688 0.1945510 0.1894994 0.1873310 0.2559057 0.2420927 0.2490716 0.0582211 0.0707733 0.2575070 0.2216715 0.0191823 0.1042208 0.1732443 0.1176960 0.1842445 0.0224579 0.2531210 0.2394006 0.2627744 0.2627744 0.0636263 0.0743400 0.2847350 0.2520560 0.1940643 0.0512825 0.1100612 0.2495246 0.0690029 0.2520047 0.2441965 0.2490493 0.2522225 0.2582111 0.0855482 0.0762218 0.0947487 0.0477170 0.0911879 0.2463993 0.1026597 0.2295353 0.0762218 0.0874331 0.1605234 0.2602032 0.2490104 0.2413949 0.2413949 0.2387664 0.2670526 0.2334018 0.2282062 0.2466821 0.2621794 0.2583322 0.2554566 0.2554566 0.2656642 0.2364751 0.2492599 0.2660937 0.2658971 0.0762663 0.2626040 0.2442874 0.2603753 0.0781403 0.0478033 0.0459985 0.2557637 0.2506403 0.2390313 0.2472018 0.2388531 0.2418395 0.2307238 0.2413711 0.2501701 0.2340686 0.2468055 0.2497879 0.2569714 0.2442874 0.2425411 0.1828159 0.2548959 0.0817946 0.2396753 0.2412513 0.2414323 0.2438411 0.2472762 0.2790559 0.2338657 
PP269921.1|Viet_Nam|NA|NA|Dengue_2|2022-10-10|2022.77260273973              0.2667929 0.2607998 0.2614360 0.2505063 0.2560061 0.2913108 0.2631121 0.1783235 0.2547398 0.2591615 0.2764558 0.0688863 0.0635167 0.0635035 0.0000000 0.0095096 0.1911300 0.2641380 0.2627044 0.2697743 0.2629077 0.2699064 0.2508691 0.0725431 0.2783639 0.0670898 0.2600367 0.0834734 0.2651264 0.0853101 0.2678142 0.0599357 0.0031516 0.0031516 0.0047335 0.2574400 0.2575600 0.2575600 0.2622618 0.2627257 0.2605763 0.2600759 0.2600095 0.0031516 0.0943563 6.1497894 0.0688684 0.0907468 0.0617499 0.0909562 0.1749570 0.0707315 0.2448646 0.2653212 0.2580502 0.1802276 0.0871758 0.2521089 0.2540940 0.2438791 0.2537198 0.1217623 0.2732897 0.0741729 0.0743967 0.0529317 0.0891945 0.2674652 0.0582149 0.2662549 0.0633705 0.0634361 0.0814981 0.2680550 0.2680550 0.2566782 0.2489871 0.2443682 0.2726913 0.1987768 0.2645022 0.1956355 0.1911102 0.2546488 0.1820190 0.0564296 0.1820190 0.1790862 0.0511979 0.1859549 0.1777743 0.0767320 0.0687941 0.1023003 0.0908782 0.0945389 0.0926232 0.0927913 0.0963907 0.2766386 0.1888083 0.2081394 0.1983502 0.1932797 0.1865083 0.2505261 0.2443645 0.2562577 0.0307047 0.0778975 0.2651403 0.2332815 0.0494511 0.1078286 0.1725191 0.1136264 0.1881890 0.0529426 0.2554311 0.2464996 0.2597846 0.2597846 0.0599727 0.0741699 0.2926784 0.2543529 0.1958215 0.0477379 0.1136927 0.2518147 0.0652563 0.2543004 0.2406353 0.2454334 0.2594616 0.2552477 0.0779448 0.0797143 0.0945156 0.0442100 0.0797826 0.2538610 0.1101785 0.2159094 0.0797143 0.0872231 0.1556950 0.2564369 0.2402528 0.2328014 0.2328014 0.2352746 0.2632173 0.2299788 0.2248467 0.2538478 0.2695087 0.2498268 0.2627493 0.2627493 0.2730628 0.2279833 0.2564544 0.2680958 0.2678974 0.0797043 0.2699530 0.2465617 0.2626998 0.0816461 0.0477036 0.0424790 0.2570044 0.2519040 0.2304833 0.2543892 0.2353596 0.2492622 0.2273348 0.2378476 0.2465650 0.2356827 0.2539774 0.2570043 0.2532557 0.2465617 0.2496892 0.1914974 0.2621654 0.0779187 0.2516597 0.2377316 0.2379074 0.2402897 0.2544700 0.2865963 0.2354782 
PP269920.1|Viet_Nam|NA|NA|Dengue_2|2023-02-06|2023.09863013699              0.2582715 0.2523634 0.2537661 0.2505213 0.2531293 0.2874285 0.2604432 0.1732383 0.2548178 0.2565419 0.2731820 0.0689510 0.0635755 0.0635622 0.0095096 0.0000000 0.1845505 0.2613418 0.2595218 0.2696236 0.2602406 0.2669126 0.2459740 0.0726120 0.2788221 0.0671525 0.2601168 0.0798517 0.2652084 0.0816776 0.2678972 0.0564584 0.0095134 0.0095134 0.0047346 0.2575191 0.2576392 0.2576392 0.2623426 0.2628068 0.2606567 0.2601560 0.2600895 0.0063215 0.0906122 6.1096697 0.0689331 0.0870874 0.0618068 0.0872867 0.1707206 0.0671848 0.2449389 0.2654034 0.2581298 0.1759369 0.0835316 0.2521859 0.2492750 0.2391383 0.2489125 0.1179022 0.2733749 0.0742435 0.0708263 0.0494951 0.0855315 0.2675480 0.0512475 0.2663377 0.0634290 0.0634948 0.0778944 0.2681382 0.2681382 0.2518407 0.2490627 0.2444422 0.2677276 0.1920867 0.2645846 0.1890089 0.1845307 0.2547267 0.1777222 0.0529723 0.1777222 0.1748264 0.0477711 0.1816459 0.1692087 0.0728675 0.0688586 0.0985610 0.0871426 0.0908543 0.0889520 0.0891122 0.0926960 0.2803292 0.1822548 0.2012653 0.1916791 0.1866820 0.1799810 0.2506028 0.2444385 0.2514323 0.0274040 0.0743126 0.2652224 0.2239449 0.0460355 0.1040639 0.1683052 0.1098266 0.1838640 0.0495052 0.2555096 0.2417363 0.2598645 0.2598645 0.0564933 0.0706118 0.2870955 0.2544306 0.1960778 0.0443314 0.1098907 0.2518914 0.0617477 0.2543781 0.2358805 0.2406477 0.2545992 0.2553260 0.0743574 0.0724736 0.0908321 0.0408310 0.0761837 0.2539383 0.1063842 0.2112194 0.0724736 0.0835764 0.1515816 0.2515526 0.2355088 0.2281122 0.2281122 0.2255629 0.2530337 0.2253182 0.2202293 0.2490370 0.2645815 0.2450238 0.2578495 0.2578495 0.2680873 0.2233278 0.2516233 0.2631518 0.2629592 0.0761094 0.2650123 0.2417970 0.2627810 0.0743716 0.0442999 0.0391119 0.2469727 0.2419579 0.2258084 0.2495636 0.2306498 0.2493380 0.2226982 0.2331190 0.2367220 0.2309636 0.2491623 0.2521582 0.2484083 0.2417970 0.2448918 0.1870698 0.2572815 0.0743329 0.2468587 0.2330069 0.2331774 0.2355447 0.2496400 0.2815188 0.2307662 
PP269925.1|Viet_Nam|NA|NA|Dengue_2|2016-10-25|2016.81369863014              0.2651414 0.2676364 0.2487586 0.2416797 0.2774515 0.2762859 0.2611242 0.0056509 0.2602291 0.2595648 0.2513590 0.1943251 0.1920325 0.1873514 0.1911300 0.1845505 0.0000000 0.2755132 0.2475271 0.2670114 0.2661007 0.2767746 0.2513120 0.1923079 0.2549204 0.1920047 0.2598538 0.1714611 0.2678236 0.1691823 0.2705273 0.1738144 0.1911058 0.1911058 0.1842888 0.2600952 0.2602176 0.2602176 0.2622685 0.2654116 0.2686320 0.2627464 0.2626791 0.1865036 0.1830224 6.0182732 0.1849793 0.1709795 0.1897831 0.1714611 0.1535143 0.1876469 0.2652445 0.2680219 0.2821004 0.0192656 0.1915140 0.2573558 0.2463271 0.2388992 0.2384433 0.1779158 0.2756764 0.1919955 0.1695691 0.1693211 0.1895876 0.2701724 0.1716025 0.2851065 0.2028464 0.1828427 0.1843197 0.2758573 0.2758573 0.2564983 0.2542008 0.2466521 0.2596657 0.0143538 0.2750438 0.0094965 0.0063126 0.2520450 0.0224701 0.1735660 0.0224701 0.1021809 0.1672972 0.0873072 0.0325374 0.1854842 0.1850635 0.1649415 0.2008814 0.1581458 0.1559254 0.1562558 0.1580579 0.2681829 0.0047272 0.0144670 0.0079151 0.0079010 0.0094999 0.2552783 0.2466488 0.2487744 0.1890972 0.1689732 0.2678378 0.2307291 0.1693211 0.1623791 0.0391779 0.1730839 0.0391312 0.1693609 0.2525051 0.2493887 0.2571571 0.2571571 0.1686813 0.1645199 0.2858915 0.2622742 0.2167048 0.1759341 0.1711765 0.2489254 0.1667587 0.2566152 0.2156254 0.2304184 0.2522263 0.2628810 0.1803353 0.1754626 0.1646535 0.1665988 0.1871937 0.2464017 0.1629026 0.1893715 0.1754626 0.1870368 0.0426032 0.2162384 0.1968258 0.2084169 0.2084169 0.2059687 0.2371944 0.2151668 0.2150277 0.2415547 0.2618579 0.2472413 0.2601055 0.2601055 0.2600058 0.2180751 0.2541613 0.2762606 0.2760518 0.1822027 0.2766355 0.2439984 0.2547827 0.1756794 0.1643574 0.1644430 0.2266715 0.2267776 0.2205263 0.2469071 0.2203682 0.2415547 0.2126106 0.2227850 0.2219551 0.2157549 0.2465120 0.2494885 0.2133812 0.2439984 0.2523000 0.1018203 0.2598538 0.1826299 0.2442177 0.2226817 0.2228401 0.2251634 0.2418408 0.2759682 0.2180185 
PP269926.1|Viet_Nam|NA|NA|Dengue_2|2016-12-09|2016.93698630137              0.0501357 0.0481604 0.0459570 0.0202864 0.0502274 0.0530474 0.0224571 0.2816229 0.0136967 0.0136867 0.0265253 0.2614900 0.2530093 0.2586187 0.2641380 0.2613418 0.2755132 0.0000000 0.0223551 0.0252765 0.0171693 0.0036023 0.0508262 0.2562901 0.2729009 0.2560058 0.0189124 0.2692116 0.0206541 0.2745617 0.0224154 0.2731900 0.2641268 0.2641268 0.2610376 0.0224301 0.0189157 0.0189157 0.0224187 0.0171655 0.0189453 0.0206676 0.0206632 0.2583899 0.2490127 6.3704198 0.2559770 0.2710779 0.2503230 0.2779935 0.1758677 0.2770065 0.0367188 0.0206624 0.0260113 0.2651252 0.2606674 0.0516118 0.0421972 0.0404005 0.0824646 0.2466965 0.0241863 0.2698156 0.2583842 0.2645448 0.2782884 0.0515664 0.2646334 0.0278088 0.2924486 0.2669159 0.2709032 0.0206640 0.0206640 0.0440282 0.0403949 0.0478097 0.0478084 0.2917718 0.0537176 0.2841788 0.2784493 0.0206731 0.2722122 0.2640443 0.2722122 0.2600239 0.2617258 0.2389011 0.2795040 0.2479363 0.2696742 0.2349730 0.2645730 0.2304236 0.2276281 0.2282408 0.2438888 0.0517625 0.2755005 0.2897083 0.2818947 0.2811089 0.2725532 0.0460906 0.0349559 0.0440450 0.2749673 0.2517517 0.0189110 0.0764104 0.2587935 0.2401401 0.2671021 0.2405903 0.2898010 0.2646183 0.0442188 0.0367539 0.0441410 0.0441410 0.2631561 0.2599597 0.2929309 0.0422745 0.2449266 0.2640744 0.2432147 0.0385919 0.2409865 0.0422462 0.2395199 0.2612911 0.0441091 0.0441997 0.2495600 0.2600289 0.2333140 0.2548902 0.2523576 0.0422459 0.2317497 0.2101784 0.2600289 0.2690539 0.2675143 0.2425770 0.2364873 0.2282380 0.2282380 0.2125534 0.2446242 0.2412026 0.2410231 0.0349323 0.0496015 0.0478909 0.0478931 0.0478931 0.0495995 0.2422898 0.0367449 0.0648623 0.0648326 0.2572570 0.0669218 0.0331468 0.0189207 0.2632991 0.2569733 0.2578289 0.2330921 0.2383619 0.2503373 0.0386228 0.2527482 0.0313461 0.2437855 0.2555141 0.2385000 0.2449163 0.0367539 0.0404517 0.2420297 0.0331468 0.0610547 0.2895330 0.0459732 0.2627709 0.0441224 0.2553721 0.2555843 0.2582207 0.0385657 0.0534552 0.2446802 
PP269927.1|Viet_Nam|NA|NA|Dengue_2|2016-12-22|2016.97260273973              0.0370489 0.0392718 0.0393255 0.0095591 0.0437308 0.0482015 0.0272593 0.2429592 0.0095546 0.0095546 0.0154331 0.2631322 0.2536648 0.2599249 0.2627044 0.2595218 0.2475271 0.0223551 0.0000000 0.0096237 0.0076286 0.0263208 0.0332659 0.2573440 0.2511469 0.2567703 0.0232406 0.2502890 0.0076286 0.2500452 0.0095546 0.2731084 0.2659240 0.2659240 0.2624742 0.0095591 0.0076323 0.0076323 0.0134223 0.0076304 0.0095686 0.0076323 0.0095546 0.2595218 0.2475047 6.1840371 0.2569767 0.2530446 0.2506697 0.2565806 0.1721674 0.2731260 0.0393356 0.0076286 0.0153939 0.2338273 0.2666077 0.0560755 0.0454247 0.0413679 0.0866271 0.2418970 0.0292099 0.2722601 0.2476594 0.2665483 0.2800868 0.0539063 0.2635820 0.0232781 0.2917711 0.2691940 0.2683037 0.0272168 0.0272168 0.0433863 0.0434091 0.0496446 0.0434921 0.2645868 0.0476643 0.2504119 0.2475079 0.0252342 0.2505803 0.2597441 0.2505803 0.2502127 0.2603489 0.2241440 0.2591871 0.2595032 0.2691940 0.2285441 0.2713152 0.2206964 0.2176332 0.2148131 0.2353233 0.0490334 0.2444093 0.2605386 0.2510707 0.2503512 0.2444093 0.0415363 0.0372962 0.0372821 0.2716759 0.2503813 0.0192886 0.0863429 0.2601212 0.2283738 0.2362711 0.2321156 0.2663117 0.2635652 0.0393146 0.0372855 0.0434382 0.0434382 0.2564992 0.2532929 0.2622036 0.0414010 0.2288806 0.2529990 0.2317933 0.0393278 0.2412170 0.0434284 0.2136716 0.2336922 0.0373614 0.0454707 0.2476733 0.2593732 0.2208844 0.2437972 0.2508077 0.0413697 0.2225773 0.1881558 0.2593732 0.2793073 0.2424762 0.2281369 0.2163020 0.2075347 0.2075347 0.2015270 0.2241998 0.2155748 0.2183176 0.0312229 0.0495796 0.0496035 0.0475221 0.0475221 0.0476274 0.2195084 0.0332238 0.0643514 0.0643514 0.2378814 0.0623552 0.0372753 0.0232521 0.2662506 0.2499244 0.2501972 0.2154210 0.2210702 0.2279600 0.0372753 0.2276951 0.0312229 0.2183176 0.2306160 0.2241338 0.2193751 0.0372855 0.0393164 0.2246302 0.0372753 0.0538793 0.2662401 0.0475588 0.2565617 0.0434158 0.2304853 0.2306846 0.2306846 0.0372753 0.0455304 0.2191610 
