197
PP269825.1|Viet_Nam|NA|NA|Dengue_2|2013-02-21|2013.1397260274               0.0000000 0.0125440 0.0125514 0.0325485 0.0482372 0.0434749 0.0482682 0.2797448 0.0424471 0.0424141 0.0415819 0.2672497 0.2583291 0.2614542 0.2666153 0.2581056 0.2649636 0.0501282 0.0370441 0.0459856 0.0462828 0.0549383 0.0184558 0.2617917 0.2720098 0.2675035 0.0347737 0.2722945 0.0501189 0.2717915 0.0520776 0.2648380 0.2666036 0.2666036 0.2577936 0.0482399 0.0482159 0.0482159 0.0520873 0.0462705 0.0483009 0.0462934 0.0501439 0.2606180 0.2571906 6.3653986 0.2616838 0.2744808 0.2555080 0.2877139 0.1703230 0.2716245 0.0619538 0.0501418 0.0561506 0.2483132 0.2669628 0.0501689 0.0328153 0.0404034 0.0783185 0.2605082 0.0501282 0.2701419 0.2613432 0.2644168 0.2751809 0.0461618 0.2705642 0.0581680 0.2876112 0.2671212 0.2801521 0.0462516 0.0462516 0.0441963 0.0403977 0.0481515 0.0291510 0.2813047 0.0484291 0.2736154 0.2677437 0.0347663 0.2643726 0.2638977 0.2643726 0.2541811 0.2558924 0.2380807 0.2738100 0.2537006 0.2699947 0.2450684 0.2711437 0.2374200 0.2344652 0.2351323 0.2518499 0.0497237 0.2677437 0.2794138 0.2684148 0.2735273 0.2647126 0.0463540 0.0347130 0.0107231 0.2691675 0.2569768 0.0482027 0.0679625 0.2584361 0.2505402 0.2554943 0.2510352 0.2817643 0.2644931 0.0386236 0.0253612 0.0404656 0.0404656 0.2631904 0.2656014 0.3180250 0.0423627 0.2482219 0.2669276 0.2508948 0.0347130 0.2485603 0.0423331 0.2141910 0.2416464 0.0328782 0.0386065 0.2637943 0.2658178 0.2404780 0.2517924 0.2667915 0.0423327 0.2485309 0.1897441 0.2658178 0.2754129 0.2470716 0.2283559 0.2194359 0.2085573 0.2085573 0.2083337 0.2360507 0.2159861 0.2158290 0.0235006 0.0328587 0.0405304 0.0386169 0.0386169 0.0385157 0.2169428 0.0143473 0.0540852 0.0540602 0.2569771 0.0521739 0.0253550 0.0366743 0.2633396 0.2566823 0.2574362 0.2242287 0.2296480 0.2303033 0.0253944 0.2274196 0.0235006 0.2185746 0.2301732 0.2268031 0.2168199 0.0253612 0.0272587 0.2250376 0.0253550 0.0541103 0.2944063 0.0328900 0.2715651 0.0310034 0.2274196 0.2302376 0.2275399 0.0272175 0.0463081 0.2193706 
PP269826.1|Viet_Nam|NA|NA|Dengue_2|2012-02-22|2012.14246575342              0.0125440 0.0000000 0.0107333 0.0347567 0.0462684 0.0410746 0.0462980 0.2828361 0.0405030 0.0404715 0.0438191 0.2612405 0.2524199 0.2555053 0.2606303 0.2522053 0.2674553 0.0481533 0.0392666 0.0459465 0.0443229 0.0529109 0.0165703 0.2558303 0.2745324 0.2614852 0.0328644 0.2691142 0.0481443 0.2686209 0.0500943 0.2644633 0.2606175 0.2606175 0.2519014 0.0501309 0.0462478 0.0462478 0.0462456 0.0443112 0.0463290 0.0481793 0.0481683 0.2546983 0.2512237 6.4388393 0.2557266 0.2712970 0.2496263 0.2844311 0.1677627 0.2712340 0.0579545 0.0481662 0.0541440 0.2507663 0.2609643 0.0501422 0.0309182 0.0384739 0.0762131 0.2545939 0.0481533 0.2641040 0.2609762 0.2584348 0.2691126 0.0461373 0.2645104 0.0561512 0.2844936 0.2611176 0.2740557 0.0442932 0.0442932 0.0422523 0.0384684 0.0461866 0.0272638 0.2838547 0.0464515 0.2761284 0.2702430 0.0328575 0.2639994 0.2579369 0.2639994 0.2483430 0.2555353 0.2283582 0.2734174 0.2464351 0.2639629 0.2393407 0.2680463 0.2317534 0.2288346 0.2294773 0.2460234 0.0470598 0.2702430 0.2819700 0.2709220 0.2760385 0.2672028 0.0443908 0.0328073 0.0089152 0.2631636 0.2511171 0.0462353 0.0679259 0.2525219 0.2447613 0.2551385 0.2452418 0.2756055 0.2585090 0.0366954 0.0234939 0.0404442 0.0404442 0.2572533 0.2596511 0.3175360 0.0404225 0.2451988 0.2609321 0.2397037 0.0328073 0.2427825 0.0403946 0.2140655 0.2415034 0.0309773 0.0366793 0.2578356 0.2598593 0.2347724 0.2514442 0.2607990 0.0403941 0.2373570 0.1864887 0.2598593 0.2693362 0.2467306 0.2282209 0.2193072 0.2084357 0.2084357 0.2082124 0.2278323 0.2158602 0.2157034 0.0216417 0.0309590 0.0385943 0.0366891 0.0366891 0.0365932 0.2168156 0.0125246 0.0501684 0.0501454 0.2511156 0.0501864 0.0234883 0.0347567 0.2573991 0.2508320 0.2460805 0.2162012 0.2215493 0.2301678 0.0235246 0.2272860 0.0216417 0.2184472 0.2300378 0.2266704 0.2194436 0.0234939 0.0253810 0.2249053 0.0234883 0.0521154 0.2879534 0.0309883 0.2655513 0.0291100 0.2272860 0.2301022 0.2274061 0.0253427 0.0443471 0.2192421 
PP269829.1|Viet_Nam|NA|NA|Dengue_2|2013-05-09|2013.35068493151              0.0125514 0.0107333 0.0000000 0.0348004 0.0462973 0.0433746 0.0440351 0.2550912 0.0400497 0.0400856 0.0435838 0.2565416 0.2486006 0.2538545 0.2612641 0.2536047 0.2486034 0.0459504 0.0393202 0.0454937 0.0457729 0.0529447 0.0166737 0.2516773 0.2622529 0.2538814 0.0348244 0.2612633 0.0522779 0.2581525 0.0540615 0.2620145 0.2612523 0.2612523 0.2533277 0.0540976 0.0505468 0.0505468 0.0487422 0.0505344 0.0488526 0.0523127 0.0523018 0.2558716 0.2450043 6.1416099 0.2567300 0.2603444 0.2460807 0.2721996 0.1626984 0.2655016 0.0558280 0.0522998 0.0577693 0.2365638 0.2642093 0.0505488 0.0330437 0.0364871 0.0704183 0.2534311 0.0487424 0.2614858 0.2538263 0.2540140 0.2722488 0.0504964 0.2594767 0.0542050 0.2776579 0.2562326 0.2708481 0.0452358 0.0452358 0.0416377 0.0382074 0.0434494 0.0263459 0.2657873 0.0471984 0.2563959 0.2512340 0.0331174 0.2507554 0.2614426 0.2507554 0.2376059 0.2514035 0.2208195 0.2604160 0.2465635 0.2587916 0.2342581 0.2789012 0.2299475 0.2273072 0.2278846 0.2452770 0.0434883 0.2485869 0.2685265 0.2542800 0.2536572 0.2459408 0.0418215 0.0330727 0.0032149 0.2637062 0.2474469 0.0452414 0.0702143 0.2486903 0.2417164 0.2462563 0.2423289 0.2614771 0.2540800 0.0383273 0.0229335 0.0434811 0.0434811 0.2581267 0.2473951 0.3061497 0.0399769 0.2213510 0.2589675 0.2398680 0.0279677 0.2425241 0.0364960 0.2110252 0.2356616 0.0297074 0.0383119 0.2613495 0.2603565 0.2326762 0.2528431 0.2640563 0.0382212 0.2373026 0.1865439 0.2603565 0.2690840 0.2334420 0.2237391 0.2132600 0.2058161 0.2058161 0.2009196 0.2329330 0.2126536 0.2174538 0.0212553 0.0348040 0.0417972 0.0383213 0.0383213 0.0365535 0.2134988 0.0129863 0.0540986 0.0540759 0.2526073 0.0542311 0.0246029 0.0348396 0.2555745 0.2523472 0.2504703 0.2223043 0.2271853 0.2255037 0.0246419 0.2229180 0.0212553 0.2149835 0.2253883 0.2222710 0.2158638 0.0229335 0.0263289 0.2207727 0.0246029 0.0505606 0.2694036 0.0331302 0.2633658 0.0297159 0.2252813 0.2254452 0.2230231 0.0246083 0.0417844 0.2156867 
PP269828.1|Viet_Nam|NA|NA|Dengue_2|2013-07-31|2013.57808219178              0.0325485 0.0347567 0.0348004 0.0000000 0.0391864 0.0434110 0.0212945 0.2359357 0.0036648 0.0037527 0.0174004 0.2568006 0.2477894 0.2537493 0.2503500 0.2503650 0.2415355 0.0202844 0.0095583 0.0115737 0.0095565 0.0218386 0.0281771 0.2512777 0.2421882 0.2507466 0.0167084 0.2445792 0.0129421 0.2443531 0.0148193 0.2691622 0.2533757 0.2533757 0.2501455 0.0148262 0.0129481 0.0129481 0.0110746 0.0129450 0.0110955 0.0129481 0.0148193 0.2473573 0.2418211 6.1156081 0.2509375 0.2532261 0.2449328 0.2505701 0.1647951 0.2662950 0.0320279 0.0129421 0.0167320 0.2343142 0.2600858 0.0439076 0.0378303 0.0339631 0.0832469 0.2365627 0.0223945 0.2683677 0.2420635 0.2600436 0.2697606 0.0458542 0.2602942 0.0167341 0.2808364 0.2654356 0.2556605 0.0204954 0.0204954 0.0358885 0.0359063 0.0418295 0.0379385 0.2576942 0.0419157 0.2442805 0.2415159 0.0186050 0.2474148 0.2475586 0.2474148 0.2385846 0.2541408 0.2224695 0.2525485 0.2494192 0.2654356 0.2272350 0.2550163 0.2163350 0.2134125 0.2107155 0.2303022 0.0438702 0.2385716 0.2613266 0.2448891 0.2442260 0.2385716 0.0340942 0.0300879 0.0320184 0.2618696 0.2446669 0.0129451 0.0808422 0.2539304 0.2263705 0.2308086 0.2272491 0.2655360 0.2572001 0.0378819 0.0320212 0.0320212 0.0320212 0.2445090 0.2474443 0.2683075 0.0339886 0.2297269 0.2412314 0.2330144 0.0320218 0.2301025 0.0359215 0.2041306 0.2257391 0.0320832 0.0398372 0.2361727 0.2502315 0.2165103 0.2352790 0.2391227 0.0398407 0.2181540 0.1796875 0.2502315 0.2690545 0.2339633 0.2178065 0.2066280 0.1983436 0.1983436 0.1953560 0.2169318 0.2059764 0.2085774 0.0262294 0.0437628 0.0398173 0.0437624 0.0437624 0.0438753 0.2096464 0.0281431 0.0578460 0.0578460 0.2327564 0.0559299 0.0300719 0.0167163 0.2567199 0.2383354 0.2385756 0.2085891 0.2139651 0.2176504 0.0320130 0.2174111 0.0262294 0.2085774 0.2201705 0.2168707 0.2095278 0.0320212 0.0339616 0.2145206 0.0300719 0.0518870 0.2535021 0.0418276 0.2480781 0.0378752 0.2200545 0.2202328 0.2202328 0.0320130 0.0398873 0.2093381 
PP269831.1|Viet_Nam|NA|NA|Dengue_2|2012-03-30|2012.24109589041              0.0482372 0.0462684 0.0462973 0.0391864 0.0000000 0.0269816 0.0522806 0.2844689 0.0425234 0.0424901 0.0483066 0.2680867 0.2591204 0.2622620 0.2558419 0.2529691 0.2772540 0.0502198 0.0437247 0.0458656 0.0463666 0.0550414 0.0534270 0.2626025 0.2845257 0.2622931 0.0386493 0.2670802 0.0502103 0.2726463 0.0521732 0.2713708 0.2558275 0.2558275 0.2526643 0.0522115 0.0483035 0.0483035 0.0521829 0.0463543 0.0483890 0.0502471 0.0502355 0.2499381 0.2519930 6.3193232 0.2565087 0.2692695 0.2562857 0.2762101 0.1755425 0.2782780 0.0620702 0.0463313 0.0484061 0.2662860 0.2613994 0.0561755 0.0404569 0.0443251 0.0825748 0.2581859 0.0502198 0.2709935 0.2545783 0.2652398 0.2642940 0.0520969 0.2653326 0.0582767 0.2912553 0.2679569 0.2810485 0.0463352 0.0463352 0.0481507 0.0443188 0.0482390 0.0521514 0.2940578 0.0254094 0.2860991 0.2800941 0.0386410 0.2766217 0.2587262 0.2766217 0.2605122 0.2622931 0.2327676 0.2863049 0.2445623 0.2708448 0.2454605 0.2627389 0.2377953 0.2348332 0.2355030 0.2522610 0.0143927 0.2800941 0.2921788 0.2808161 0.2860008 0.2769872 0.0503502 0.0385812 0.0442932 0.2639748 0.2518722 0.0482903 0.0782756 0.2592285 0.2454874 0.2675282 0.2490733 0.2943952 0.2653167 0.0161486 0.0366564 0.0463330 0.0463330 0.2524898 0.2604450 0.3059002 0.0424385 0.2486217 0.2617352 0.2513008 0.0347979 0.2435026 0.0462750 0.2337974 0.2563457 0.0367098 0.0125090 0.2527077 0.2606550 0.2408608 0.2522030 0.2497682 0.0462747 0.2489321 0.2034400 0.2606550 0.2673001 0.2709960 0.2427294 0.2335120 0.2223253 0.2223253 0.2165582 0.2505921 0.2355676 0.2353872 0.0347494 0.0327946 0.0216315 0.0197940 0.0197940 0.0501144 0.2309630 0.0366471 0.0403294 0.0403116 0.2577568 0.0403720 0.0328800 0.0405686 0.2553661 0.2515852 0.2582198 0.2383867 0.2439504 0.2446673 0.0216585 0.2475022 0.0309953 0.2382437 0.2503659 0.2356157 0.2393841 0.0366564 0.0235066 0.2392774 0.0328800 0.0562178 0.2820577 0.0290886 0.2663712 0.0272189 0.2475022 0.2504375 0.2531718 0.0385537 0.0423845 0.2337368 
PP269837.1|Viet_Nam|NA|NA|Dengue_2|2015-10-09|2015.7698630137               0.0434749 0.0410746 0.0433746 0.0434110 0.0269816 0.0000000 0.0604833 0.2719016 0.0434110 0.0434110 0.0579182 0.3077157 0.3034279 0.3076917 0.2910920 0.2872169 0.2760934 0.0530390 0.0481944 0.0506004 0.0458060 0.0554778 0.0481562 0.3082449 0.2969255 0.3037034 0.0386619 0.2867051 0.0481673 0.2902105 0.0505834 0.3161072 0.2950197 0.2950197 0.2907770 0.0506148 0.0481969 0.0481969 0.0482238 0.0457910 0.0483022 0.0481969 0.0505834 0.2872169 0.2668936 6.2263983 0.3000325 0.2942459 0.2996757 0.2984040 0.1919694 0.3199925 0.0728191 0.0481673 0.0435093 0.2745718 0.2960558 0.0654600 0.0457140 0.0505717 0.0936083 0.2759894 0.0554300 0.3077157 0.2873991 0.3116922 0.2918603 0.0602995 0.2999914 0.0555809 0.3385186 0.3077396 0.3175666 0.0530144 0.0530144 0.0481316 0.0505458 0.0554200 0.0506593 0.2967919 0.0293704 0.2830980 0.2795796 0.0386516 0.2798021 0.2873066 0.2798021 0.2749537 0.3039561 0.2617231 0.2923881 0.2777833 0.3077396 0.2783623 0.2990244 0.2725112 0.2685630 0.2650227 0.2836415 0.0262221 0.2795796 0.2905110 0.2804648 0.2868394 0.2795796 0.0483886 0.0433915 0.0409935 0.3016839 0.2871336 0.0505977 0.0882866 0.3036148 0.2818965 0.2727069 0.2606836 0.2985949 0.3079990 0.0201179 0.0409977 0.0481721 0.0481721 0.2877386 0.2942683 0.3141394 0.0530503 0.2684912 0.2863984 0.2904348 0.0386619 0.2761553 0.0554389 0.2288470 0.2490978 0.0293409 0.0178320 0.2845117 0.2870114 0.2728149 0.2827476 0.2884061 0.0530324 0.2675499 0.2058284 0.2870114 0.2957812 0.2882907 0.2460785 0.2354521 0.2251400 0.2251400 0.2212950 0.2350542 0.2241696 0.2273831 0.0362713 0.0339335 0.0292964 0.0246768 0.0246768 0.0529719 0.2288470 0.0362694 0.0386524 0.0386524 0.2759451 0.0410378 0.0386278 0.0410341 0.2840851 0.2866835 0.2797255 0.2246766 0.2313397 0.2355079 0.0246829 0.2384548 0.0339440 0.2273831 0.2383724 0.2382369 0.2356320 0.0409977 0.0269884 0.2418313 0.0386278 0.0654070 0.3105705 0.0339641 0.3026480 0.0316250 0.2384548 0.2419833 0.2384548 0.0409846 0.0410934 0.2287764 
PP269851.1|Viet_Nam|NA|NA|Dengue_2|2013-03-28|2013.23561643836              0.0482682 0.0462980 0.0440351 0.0212945 0.0522806 0.0604833 0.0000000 0.2705598 0.0148094 0.0147991 0.0313853 0.2578128 0.2497621 0.2550883 0.2629368 0.2602718 0.2609498 0.0224548 0.0272561 0.0299409 0.0215217 0.0276743 0.0468673 0.2528837 0.2695137 0.2551156 0.0198259 0.2736870 0.0265973 0.2704398 0.0283087 0.2689050 0.2629253 0.2629253 0.2599826 0.0283268 0.0249131 0.0249131 0.0231975 0.0249076 0.0232473 0.0266142 0.0266087 0.2574574 0.2597781 6.1910240 0.2580049 0.2726845 0.2472083 0.2793249 0.1765551 0.2725043 0.0334653 0.0266077 0.0318129 0.2590461 0.2652393 0.0530367 0.0457287 0.0422373 0.0846266 0.2546565 0.0266028 0.2683458 0.2605059 0.2607073 0.2935036 0.0511912 0.2607903 0.0283806 0.2845273 0.2629658 0.2723077 0.0232049 0.0232049 0.0475095 0.0439995 0.0493755 0.0458060 0.2788624 0.0568950 0.2690341 0.2636833 0.0215194 0.2655816 0.2682998 0.2655816 0.2600176 0.2580327 0.2371049 0.2732801 0.2563524 0.2655841 0.2404291 0.2719192 0.2308551 0.2281792 0.2287667 0.2463900 0.0559872 0.2609348 0.2782910 0.2668679 0.2661829 0.2581872 0.0477248 0.0387406 0.0422095 0.2706091 0.2539373 0.0198244 0.0843667 0.2552510 0.2427765 0.2556030 0.2433997 0.2795756 0.2607761 0.0477065 0.0387230 0.0458418 0.0458418 0.2648831 0.2592915 0.3055991 0.0422748 0.2430106 0.2657693 0.2406432 0.0404953 0.2435986 0.0387563 0.2422655 0.2631701 0.0458117 0.0476865 0.2572253 0.2671549 0.2336209 0.2569532 0.2599404 0.0440159 0.2347048 0.2117154 0.2671549 0.2843927 0.2557099 0.2505738 0.2393470 0.2314089 0.2314089 0.2211047 0.2602315 0.2438717 0.2436972 0.0369667 0.0546897 0.0512530 0.0476985 0.0476985 0.0529674 0.2449282 0.0352242 0.0639376 0.0639096 0.2538169 0.0677671 0.0369816 0.0198343 0.2703329 0.2589470 0.2543505 0.2488410 0.2540173 0.2577581 0.0405265 0.2549695 0.0335103 0.2463528 0.2576249 0.2488027 0.2474507 0.0387230 0.0422889 0.2473490 0.0369816 0.0621256 0.2766193 0.0493952 0.2647246 0.0458249 0.2574874 0.2576927 0.2602220 0.0404688 0.0548123 0.2472211 
PP269855.1|Viet_Nam|NA|NA|Dengue_2|2014-10-29|2014.82465753425              0.2797448 0.2828361 0.2550912 0.2359357 0.2844689 0.2719016 0.2705598 0.0000000 0.2594005 0.2585888 0.2513582 0.1839106 0.1812440 0.1758114 0.1782469 0.1731658 0.0056505 0.2814167 0.2428118 0.2615738 0.2664039 0.2851559 0.2549689 0.1762703 0.2567102 0.1785091 0.2652694 0.1680696 0.2684389 0.1627693 0.2684389 0.1601389 0.1782165 0.1782165 0.1728785 0.2623938 0.2593860 0.2593860 0.2650048 0.2655659 0.2694046 0.2623938 0.2623138 0.1728785 0.1754426 5.8302274 0.1730677 0.1675137 0.1786239 0.1654439 0.1542206 0.1760109 0.2717458 0.2686755 0.2824601 0.0191616 0.1834993 0.2553183 0.2519757 0.2431893 0.2366004 0.1705010 0.2779718 0.1810645 0.1658260 0.1549449 0.1763510 0.2776956 0.1575734 0.2924686 0.1892236 0.1679307 0.1780427 0.2779895 0.2779895 0.2551785 0.2524474 0.2463293 0.2648713 0.0133212 0.2710393 0.0094476 0.0056492 0.2558902 0.0230098 0.1574442 0.0230098 0.1034515 0.1500419 0.0857069 0.0290687 0.1750374 0.1731574 0.1578953 0.1970280 0.1471090 0.1445893 0.1474094 0.1444975 0.2657660 0.0037590 0.0133701 0.0094480 0.0075436 0.0075466 0.2528438 0.2463399 0.2549151 0.1810746 0.1599971 0.2716623 0.2392525 0.1549449 0.1549105 0.0349699 0.1648705 0.0369460 0.1549874 0.2506530 0.2586583 0.2588644 0.2588644 0.1568581 0.1573044 0.2741336 0.2618168 0.2130326 0.1682961 0.1648936 0.2492729 0.1621932 0.2552398 0.2135512 0.2258206 0.2530744 0.2630113 0.1756501 0.1677584 0.1546805 0.1573922 0.1810135 0.2491233 0.1551636 0.1912182 0.1677584 0.1760803 0.0410658 0.2169854 0.1967841 0.2077515 0.2077515 0.2080879 0.2426227 0.2135264 0.2105014 0.2493166 0.2677430 0.2504414 0.2627143 0.2627143 0.2684775 0.2135636 0.2614117 0.2854355 0.2851728 0.1777274 0.2762663 0.2491828 0.2591789 0.1654895 0.1522157 0.1548695 0.2358029 0.2359370 0.2193211 0.2498101 0.2140465 0.2462511 0.2076675 0.2196662 0.2271973 0.2137017 0.2553025 0.2529031 0.2136080 0.2491828 0.2560430 0.1077513 0.2621663 0.1787239 0.2465893 0.2167598 0.2169396 0.2196662 0.2524164 0.2815127 0.2136007 
PP269866.1|Viet_Nam|NA|NA|Dengue_2|2013-08-13|2013.61369863014              0.0424471 0.0405030 0.0400497 0.0036648 0.0425234 0.0434110 0.0148094 0.2594005 0.0000000 0.0000026 0.0173918 0.2498858 0.2422044 0.2472874 0.2545770 0.2546548 0.2600581 0.0136955 0.0095537 0.0128652 0.0065216 0.0182739 0.0383545 0.2451678 0.2631546 0.2473128 0.0111048 0.2597283 0.0110978 0.2619624 0.0127039 0.2629198 0.2547720 0.2547720 0.2519730 0.0127115 0.0095043 0.0095043 0.0079027 0.0095024 0.0079185 0.0111043 0.0111022 0.2495581 0.2464315 6.1070383 0.2448858 0.2588363 0.2397624 0.2650408 0.1719829 0.2638579 0.0273890 0.0111018 0.0159618 0.2506592 0.2569811 0.0426429 0.0357371 0.0324126 0.0780605 0.2468909 0.0175567 0.2623991 0.2472632 0.2526397 0.2811561 0.0426007 0.2553466 0.0159698 0.2781021 0.2572466 0.2585040 0.0143217 0.0143217 0.0374275 0.0340860 0.0391833 0.0408834 0.2745673 0.0445305 0.2651750 0.2600434 0.0127145 0.2595488 0.2546401 0.2595488 0.2416816 0.2500883 0.2275931 0.2641663 0.2477245 0.2597564 0.2312972 0.2605051 0.2192524 0.2167259 0.2172519 0.2339557 0.0468280 0.2574080 0.2808308 0.2630899 0.2624443 0.2547731 0.0375879 0.0290869 0.0374388 0.2647687 0.2411209 0.0079058 0.0760051 0.2474367 0.2329170 0.2498731 0.2361625 0.2702198 0.2527038 0.0392744 0.0307404 0.0358206 0.0358206 0.2514505 0.2461778 0.2841886 0.0324395 0.2403921 0.2522409 0.2287909 0.0307538 0.2363456 0.0324203 0.2299970 0.2521917 0.0374888 0.0392589 0.2441925 0.2614895 0.2218603 0.2463382 0.2467558 0.0357677 0.2229647 0.2007749 0.2614895 0.2779892 0.2502767 0.2378299 0.2272503 0.2197478 0.2197478 0.2124048 0.2496073 0.2315695 0.2314140 0.0290679 0.0459575 0.0426583 0.0443589 0.0443589 0.0443041 0.2325129 0.0307336 0.0582601 0.0582359 0.2359585 0.0583625 0.0274182 0.0111092 0.2645263 0.2458723 0.2466074 0.2388183 0.2437419 0.2446657 0.0324492 0.2420343 0.0257675 0.2339241 0.2445432 0.2387829 0.2349048 0.0307404 0.0341288 0.2348126 0.0274182 0.0530114 0.2676421 0.0408996 0.2543810 0.0374993 0.2444220 0.2446047 0.2470027 0.0324061 0.0426186 0.2347027 
PP269863.1|Viet_Nam|NA|NA|Dengue_2|2014-09-22|2014.72328767123              0.0424141 0.0404715 0.0400856 0.0037527 0.0424901 0.0434110 0.0147991 0.2585888 0.0000026 0.0000000 0.0173918 0.2539573 0.2460555 0.2512837 0.2589921 0.2563764 0.2593938 0.0136855 0.0095537 0.0128652 0.0065174 0.0182597 0.0373849 0.2491117 0.2650821 0.2513102 0.0113345 0.2640743 0.0113271 0.2663662 0.0129670 0.2648393 0.2589796 0.2589796 0.2560956 0.0129748 0.0097006 0.0097006 0.0080656 0.0096987 0.0080820 0.0113340 0.0113317 0.2536142 0.2504509 6.0181229 0.2488163 0.2631391 0.2435463 0.2695439 0.1739541 0.2683560 0.0279643 0.0113313 0.0162940 0.2497958 0.2558797 0.0435559 0.0364951 0.0330976 0.0779126 0.2508677 0.0179220 0.2643006 0.2512569 0.2567945 0.2833028 0.0417741 0.2568750 0.0163023 0.2801854 0.2590194 0.2627898 0.0146188 0.0146188 0.0382226 0.0348085 0.0400169 0.0400168 0.2742121 0.0437277 0.2646195 0.2593787 0.0129780 0.2588751 0.2588399 0.2588751 0.2455118 0.2541695 0.2284937 0.2635854 0.2491970 0.2615911 0.2317958 0.2649509 0.2224584 0.2198614 0.2204102 0.2375642 0.0458443 0.2566879 0.2770913 0.2624885 0.2618311 0.2539980 0.0383899 0.0296999 0.0365096 0.2665285 0.2449209 0.0080688 0.0776811 0.2514404 0.2340895 0.2489956 0.2398257 0.2697730 0.2568613 0.0383756 0.0296866 0.0365822 0.0365822 0.2555472 0.2501215 0.2835863 0.0331257 0.2391635 0.2563748 0.2322498 0.0314030 0.2400176 0.0331057 0.2335126 0.2538404 0.0365592 0.0383602 0.2480901 0.2631515 0.2251403 0.2502891 0.2507267 0.0348210 0.2262521 0.2035771 0.2631515 0.2800541 0.2518828 0.2415711 0.2306858 0.2229756 0.2229756 0.2129564 0.2509970 0.2351131 0.2349505 0.0279839 0.0451871 0.0418234 0.0418254 0.0418254 0.0435014 0.2360992 0.0296800 0.0577224 0.0576980 0.2396119 0.0578258 0.0279948 0.0113391 0.2662635 0.2498012 0.2505716 0.2399553 0.2449910 0.2485860 0.0314265 0.2458790 0.0246229 0.2375307 0.2484589 0.2399190 0.2385559 0.0296866 0.0331369 0.2384599 0.0279948 0.0541576 0.2723255 0.0400329 0.2528648 0.0365696 0.2483317 0.2485230 0.2509866 0.0313831 0.0417838 0.2383437 
PP269890.1|Viet_Nam|NA|NA|Dengue_2|2020-05-12|2020.35890410959              0.0415819 0.0438191 0.0435838 0.0174004 0.0483066 0.0579182 0.0313853 0.2513582 0.0173918 0.0173918 0.0000000 0.2833617 0.2735150 0.2800234 0.2762606 0.2729921 0.2512009 0.0265223 0.0154316 0.0135321 0.0115261 0.0308370 0.0374175 0.2740850 0.2612331 0.2767427 0.0273146 0.2635243 0.0173789 0.2632595 0.0193486 0.2869910 0.2795681 0.2795681 0.2760104 0.0193581 0.0173875 0.0173875 0.0253099 0.0173831 0.0134938 0.0173875 0.0193486 0.2729921 0.2642047 6.1273320 0.2769769 0.2663295 0.2704155 0.2699852 0.1781826 0.2870099 0.0435949 0.0173789 0.0233535 0.2374185 0.2803068 0.0563124 0.0455790 0.0456495 0.0959799 0.2549605 0.0313248 0.2860651 0.2608514 0.2802473 0.2941777 0.0541333 0.2772147 0.0313945 0.3060872 0.2829274 0.2819588 0.0313360 0.0313360 0.0476878 0.0477132 0.0540244 0.0478056 0.2684099 0.0520301 0.2541045 0.2511817 0.0293324 0.2542760 0.2732303 0.2542760 0.2602409 0.2738920 0.2276540 0.2629835 0.2711142 0.2829274 0.2411943 0.2755342 0.2332068 0.2300552 0.2271707 0.2481944 0.0492795 0.2480595 0.2636577 0.2547787 0.2540416 0.2480595 0.0458375 0.0415319 0.0415161 0.2854344 0.2576231 0.0273122 0.0956554 0.2736444 0.2410080 0.2398752 0.2448845 0.2701242 0.2771968 0.0477299 0.0415198 0.0436191 0.0436191 0.2634386 0.2665991 0.2794037 0.0456867 0.2415550 0.2662812 0.2445340 0.0435862 0.2542266 0.0477346 0.2290363 0.2496631 0.0416055 0.0497991 0.2608693 0.2728298 0.2334117 0.2568437 0.2640886 0.0498281 0.2411669 0.1946374 0.2728298 0.2933358 0.2461281 0.2378322 0.2198425 0.2168019 0.2168019 0.2106582 0.2337672 0.2309219 0.2337398 0.0353880 0.0497484 0.0497724 0.0518726 0.0518726 0.0519893 0.2350640 0.0374101 0.0689013 0.0689013 0.2570803 0.0668913 0.0415082 0.0273284 0.2799186 0.2631263 0.2634264 0.2248095 0.2305647 0.2437568 0.0415082 0.2434663 0.0353880 0.2337398 0.2464807 0.2336976 0.2349141 0.0415198 0.0435735 0.2342280 0.0415082 0.0626003 0.2670624 0.0519133 0.2699614 0.0477206 0.2463336 0.2465552 0.2465552 0.0415082 0.0540804 0.2346719 
PP269916.1|Viet_Nam|NA|NA|Dengue_2|2022-08-12|2022.61095890411              0.2672497 0.2612405 0.2565416 0.2568006 0.2680867 0.3077157 0.2578128 0.1839106 0.2498858 0.2539573 0.2833617 0.0000000 0.0079053 0.0079038 0.0688733 0.0689379 0.1942321 0.2613160 0.2629566 0.2762933 0.2630878 0.2640796 0.2487029 0.0191957 0.2828785 0.0143204 0.2602034 0.0855200 0.2599741 0.0873683 0.2626359 0.0374269 0.0688571 0.0688571 0.0670736 0.2523554 0.2524708 0.2524708 0.2571417 0.2575908 0.2607435 0.2549663 0.2549015 0.0688571 0.0964331 6.2771736 0.0127052 0.0928370 0.0063152 0.0968619 0.1868050 0.0442704 0.2398870 0.2601625 0.2582149 0.1900646 0.0968337 0.2575156 0.2490550 0.2543840 0.2489929 0.1238669 0.2680574 0.0306799 0.0763872 0.0273987 0.0950834 0.2703387 0.0324046 0.2664277 0.0834639 0.0208005 0.0872589 0.2602034 0.2602034 0.2568418 0.2543459 0.2470904 0.2678189 0.2019766 0.2700931 0.1987865 0.1942125 0.2548105 0.1850227 0.0653928 0.1850227 0.1956775 0.0257487 0.1753516 0.1807372 0.0808909 0.0224332 0.0967702 0.0988459 0.0966553 0.0947260 0.0948987 0.0985186 0.2841457 0.1918842 0.2114835 0.2015384 0.1964033 0.1942125 0.2531157 0.2445163 0.2515145 0.0599814 0.0725766 0.2599877 0.2237628 0.0240950 0.1100341 0.1799202 0.1236503 0.1910534 0.0274042 0.2555933 0.2418128 0.2652755 0.2652755 0.0690081 0.0761537 0.2930341 0.2545141 0.2009354 0.0565343 0.1159398 0.2519735 0.0708014 0.2544617 0.2518897 0.2568023 0.2546831 0.2607013 0.0874035 0.0817342 0.1004598 0.0529213 0.0930626 0.2488309 0.1084759 0.2346047 0.0817342 0.0930767 0.1670586 0.2681401 0.2567618 0.2490410 0.2490410 0.2463733 0.2802006 0.2409211 0.2356456 0.2491178 0.2646716 0.2608243 0.2579349 0.2579349 0.2681785 0.2440559 0.2517054 0.2686136 0.2684144 0.0817830 0.2651020 0.2467158 0.2628690 0.0836813 0.0530180 0.0511858 0.2686145 0.2633805 0.2466491 0.2496445 0.2464630 0.2442598 0.2381992 0.2490163 0.2578866 0.2416198 0.2492430 0.2522405 0.2648411 0.2467158 0.2449702 0.1897267 0.2573667 0.0836363 0.2472351 0.2488900 0.2490799 0.2515177 0.2445510 0.2816189 0.2414053 
PP269912.1|Viet_Nam|NA|NA|Dengue_2|2023-02-02|2023.08767123288              0.2583291 0.2524199 0.2486006 0.2477894 0.2591204 0.3034279 0.2497621 0.1812440 0.2422044 0.2460555 0.2735150 0.0079053 0.0000000 0.0063140 0.0635054 0.0635640 0.1919418 0.2528477 0.2535032 0.2670015 0.2549560 0.2608673 0.2408889 0.0175703 0.2750132 0.0127108 0.2523684 0.0836709 0.2521501 0.0855131 0.2547708 0.0357456 0.0634902 0.0634902 0.0617243 0.2446393 0.2447482 0.2447482 0.2493675 0.2497953 0.2528825 0.2472107 0.2471483 0.0634902 0.0906749 6.2984572 0.0111010 0.0909658 0.0047296 0.0949719 0.1800033 0.0425655 0.2323422 0.2523292 0.2503889 0.1877888 0.0949443 0.2497218 0.2414092 0.2466549 0.2413504 0.1178924 0.2601069 0.0290219 0.0709212 0.0257487 0.0894092 0.2623651 0.0307382 0.2584681 0.0779410 0.0191724 0.0854064 0.2523684 0.2523684 0.2490812 0.2466181 0.2394550 0.2598795 0.1996428 0.2620457 0.1964770 0.1919221 0.2470629 0.1827719 0.0600523 0.1827719 0.1887645 0.0241037 0.1731515 0.1785022 0.0809095 0.0208003 0.0948822 0.0969139 0.0909831 0.0890771 0.0892381 0.0928282 0.2772289 0.1896043 0.2090788 0.1992116 0.1941054 0.1872895 0.2505564 0.2369180 0.2438369 0.0547033 0.0671628 0.2521632 0.2213597 0.0224555 0.1042167 0.1776994 0.1176886 0.1887876 0.0257538 0.2478071 0.2342582 0.2573691 0.2573691 0.0601056 0.0743408 0.2902518 0.2467779 0.1986488 0.0512849 0.1100557 0.2442742 0.0690042 0.2467296 0.2493196 0.2542114 0.2469393 0.2528427 0.0855474 0.0762223 0.0947464 0.0477196 0.0911861 0.2411977 0.1026555 0.2320505 0.0762223 0.0874319 0.1648851 0.2654850 0.2541714 0.2464874 0.2464874 0.2438332 0.2775022 0.2384114 0.2331637 0.2414696 0.2567981 0.2529588 0.2501238 0.2501238 0.2602198 0.2415249 0.2440184 0.2606345 0.2604452 0.0762668 0.2572063 0.2390973 0.2549928 0.0781406 0.0478058 0.0460012 0.2659821 0.2607728 0.2441053 0.2419718 0.2439219 0.2417547 0.2357048 0.2464630 0.2553085 0.2390991 0.2415879 0.2445287 0.2622095 0.2390973 0.2373541 0.1874259 0.2495818 0.0817944 0.2395925 0.2463390 0.2465257 0.2489534 0.2420409 0.2734602 0.2388886 
PP269903.1|Viet_Nam|NA|NA|Dengue_2|2022-06-21|2022.46849315068              0.2614542 0.2555053 0.2538545 0.2537493 0.2622620 0.3076917 0.2550883 0.1758114 0.2472874 0.2512837 0.2800234 0.0079038 0.0063140 0.0000000 0.0634922 0.0635508 0.1872654 0.2584490 0.2597542 0.2731448 0.2603352 0.2640637 0.2460596 0.0143259 0.2745827 0.0095004 0.2575520 0.0873905 0.2573265 0.0854948 0.2599741 0.0323801 0.0634771 0.0634771 0.0617115 0.2497450 0.2498582 0.2498582 0.2545112 0.2549530 0.2580832 0.2523423 0.2522783 0.0634771 0.0906551 6.3326595 0.0047287 0.0909463 0.0047287 0.0949515 0.1799608 0.0391493 0.2373357 0.2575117 0.2555667 0.1831439 0.0949240 0.2548784 0.2416336 0.2465928 0.2464079 0.1178664 0.2653661 0.0224323 0.0709063 0.0224511 0.0893901 0.2676394 0.0274052 0.2637334 0.0779246 0.0127032 0.0853881 0.2575520 0.2575520 0.2542160 0.2517314 0.2393951 0.2651315 0.1948741 0.2673685 0.1917583 0.1872448 0.2521893 0.1781805 0.0600398 0.1781805 0.1887195 0.0208168 0.1686680 0.1739451 0.0808909 0.0143117 0.0910710 0.0968927 0.0909635 0.0890580 0.0892190 0.0928082 0.2805374 0.1849503 0.2041614 0.1944573 0.1894114 0.1872448 0.2557393 0.2419465 0.2489173 0.0582112 0.0707597 0.2573399 0.2215516 0.0191804 0.1041942 0.1731714 0.1176627 0.1841622 0.0224555 0.2529588 0.2392581 0.2625994 0.2625994 0.0636148 0.0743252 0.2845208 0.2518967 0.1939756 0.0512744 0.1100317 0.2493689 0.0689898 0.2518458 0.2440433 0.2488900 0.2520631 0.2580418 0.0855291 0.0762062 0.0947260 0.0477099 0.0911666 0.2462491 0.1026332 0.2294023 0.0762062 0.0874132 0.1604602 0.2600271 0.2488512 0.2412461 0.2412461 0.2386207 0.2668676 0.2332640 0.2280754 0.2465308 0.2620068 0.2581624 0.2552918 0.2552918 0.2654844 0.2363325 0.2491050 0.2659125 0.2657167 0.0762507 0.2624296 0.2441390 0.2602034 0.0781250 0.0477960 0.0459918 0.2555968 0.2504805 0.2388853 0.2470491 0.2387077 0.2416941 0.2305897 0.2412223 0.2500122 0.2339289 0.2466536 0.2496316 0.2568010 0.2441390 0.2423944 0.1827311 0.2547326 0.0817770 0.2395325 0.2411030 0.2412833 0.2436892 0.2471226 0.2788558 0.2337268 
PP269921.1|Viet_Nam|NA|NA|Dengue_2|2022-10-10|2022.77260273973              0.2666153 0.2606303 0.2612641 0.2503500 0.2558419 0.2910920 0.2629368 0.1782469 0.2545770 0.2589921 0.2762606 0.0688733 0.0635054 0.0634922 0.0000000 0.0095088 0.1910420 0.2639603 0.2625299 0.2695894 0.2627323 0.2697222 0.2507141 0.0725289 0.2781618 0.0670774 0.2598661 0.0834555 0.2649485 0.0852915 0.2676321 0.0599255 0.0031513 0.0031513 0.0047331 0.2572732 0.2573927 0.2573927 0.2620888 0.2625509 0.2604041 0.2599052 0.2598389 0.0031513 0.0943345 6.0865726 0.0688554 0.0907263 0.0617391 0.0909352 0.1748842 0.0707180 0.2447146 0.2651426 0.2578815 0.1801499 0.0871565 0.2519499 0.2539329 0.2437322 0.2535598 0.1217269 0.2730989 0.0741584 0.0743820 0.0529234 0.0891743 0.2672845 0.0582051 0.2660737 0.0633595 0.0634250 0.0814811 0.2678721 0.2678721 0.2565137 0.2488331 0.2442190 0.2725029 0.1986803 0.2643221 0.1955431 0.1910220 0.2544864 0.1819390 0.0564204 0.1819390 0.1790095 0.0511899 0.1858725 0.1776983 0.0767166 0.0687813 0.1022745 0.0908576 0.0945168 0.0926019 0.0927697 0.0963678 0.2764400 0.1887224 0.2080299 0.1982546 0.1931898 0.1864245 0.2503677 0.2442158 0.2560947 0.0307011 0.0778817 0.2649624 0.2331480 0.0494436 0.1078006 0.1724484 0.1135956 0.1881042 0.0529342 0.2552662 0.2463489 0.2596149 0.2596149 0.0599625 0.0741555 0.2924513 0.2541910 0.1957322 0.0477308 0.1136619 0.2516563 0.0652446 0.2541388 0.2404893 0.2452816 0.2592931 0.2550835 0.0779290 0.0796979 0.0944935 0.0442038 0.0797661 0.2537009 0.1101488 0.2157951 0.0796979 0.0872036 0.1556367 0.2562692 0.2401082 0.2326663 0.2326663 0.2351358 0.2630410 0.2298475 0.2247221 0.2536878 0.2693265 0.2496708 0.2625750 0.2625750 0.2728729 0.2278538 0.2562906 0.2679131 0.2677155 0.0796879 0.2697689 0.2464108 0.2625252 0.0816289 0.0476966 0.0424732 0.2568391 0.2517457 0.2303507 0.2542277 0.2352211 0.2491072 0.2272071 0.2377059 0.2464145 0.2355430 0.2538168 0.2568391 0.2530933 0.2464108 0.2495339 0.1914054 0.2619928 0.0779030 0.2515025 0.2375903 0.2377655 0.2401449 0.2543076 0.2863853 0.2353394 
PP269920.1|Viet_Nam|NA|NA|Dengue_2|2023-02-06|2023.09863013699              0.2581056 0.2522053 0.2536047 0.2503650 0.2529691 0.2872169 0.2602718 0.1731658 0.2546548 0.2563764 0.2729921 0.0689379 0.0635640 0.0635508 0.0095088 0.0000000 0.1844683 0.2611683 0.2593520 0.2694394 0.2600692 0.2667330 0.2458249 0.0725976 0.2786182 0.0671400 0.2599460 0.0798350 0.2650303 0.0816603 0.2677150 0.0564491 0.0095126 0.0095126 0.0047342 0.2573520 0.2574716 0.2574716 0.2621693 0.2626319 0.2604844 0.2599851 0.2599188 0.0063210 0.0905918 6.0468823 0.0689200 0.0870681 0.0617959 0.0872671 0.1706510 0.0671723 0.2447888 0.2652245 0.2579608 0.1758626 0.0835137 0.2520267 0.2491200 0.2389970 0.2487585 0.1178686 0.2731839 0.0742289 0.0708127 0.0494875 0.0855126 0.2673671 0.0512395 0.2661563 0.0634179 0.0634835 0.0778786 0.2679551 0.2679551 0.2516823 0.2489086 0.2442928 0.2675460 0.1919963 0.2644043 0.1889223 0.1844482 0.2545641 0.1776457 0.0529639 0.1776457 0.1747531 0.0477639 0.1815670 0.1691393 0.0728534 0.0688457 0.0985368 0.0871234 0.0908335 0.0889320 0.0890920 0.0926745 0.2801243 0.1821744 0.2011627 0.1915896 0.1865978 0.1799027 0.2504442 0.2442896 0.2512753 0.0274009 0.0742980 0.2650442 0.2238227 0.0460287 0.1040375 0.1682377 0.1097975 0.1837828 0.0494976 0.2553445 0.2415913 0.2596946 0.2596946 0.0564839 0.0705984 0.2868784 0.2542685 0.1959877 0.0443251 0.1098617 0.2517329 0.0617369 0.2542163 0.2357401 0.2405017 0.2544370 0.2551616 0.0743428 0.0724596 0.0908115 0.0408254 0.0761684 0.2537781 0.1063562 0.2111098 0.0724596 0.0835583 0.1515261 0.2513912 0.2353697 0.2279823 0.2279823 0.2254358 0.2528718 0.2251920 0.2201096 0.2488830 0.2644059 0.2448736 0.2576817 0.2576817 0.2679043 0.2232035 0.2514656 0.2629758 0.2627839 0.0760942 0.2648349 0.2416518 0.2626061 0.0743568 0.0442936 0.0391068 0.2468208 0.2418125 0.2256810 0.2494081 0.2305167 0.2491828 0.2225755 0.2329827 0.2365839 0.2308293 0.2490078 0.2519991 0.2482520 0.2416518 0.2447424 0.1869817 0.2571153 0.0743183 0.2467074 0.2328711 0.2330410 0.2354056 0.2494837 0.2813154 0.2306327 
PP269925.1|Viet_Nam|NA|NA|Dengue_2|2016-10-25|2016.81369863014              0.2649636 0.2674553 0.2486034 0.2415355 0.2772540 0.2760934 0.2609498 0.0056505 0.2600581 0.2593938 0.2512009 0.1942321 0.1919418 0.1872654 0.1910420 0.1844683 0.0000000 0.2753181 0.2473736 0.2668305 0.2659192 0.2765785 0.2511550 0.1922166 0.2547528 0.1919140 0.2596837 0.1713893 0.2676413 0.1691125 0.2703408 0.1737407 0.1910177 0.1910177 0.1842071 0.2599242 0.2600461 0.2600461 0.2620952 0.2652326 0.2684472 0.2625714 0.2625043 0.1864200 0.1829426 5.9563439 0.1848957 0.1709088 0.1896944 0.1713893 0.1534578 0.1875604 0.2650661 0.2678389 0.2818940 0.0192637 0.1914248 0.2571890 0.2461767 0.2387584 0.2383038 0.1778391 0.2754824 0.1919049 0.1694986 0.1692513 0.1894996 0.2699873 0.1715307 0.2848950 0.2027466 0.1827608 0.1842378 0.2756625 0.2756625 0.2563343 0.2540393 0.2465003 0.2594963 0.0143525 0.2748474 0.0094957 0.0063121 0.2518862 0.0224678 0.1734930 0.0224678 0.1021554 0.1672287 0.0872879 0.0325334 0.1854003 0.1849796 0.1648751 0.2007828 0.1580850 0.1558665 0.1561962 0.1579974 0.2680003 0.0047268 0.0144656 0.0079144 0.0079004 0.0094991 0.2551140 0.2464975 0.2486210 0.1890103 0.1689041 0.2676555 0.2305998 0.1692513 0.1623153 0.0391727 0.1730119 0.0391261 0.1692910 0.2523450 0.2492330 0.2569910 0.2569910 0.1686130 0.1644544 0.2856792 0.2621003 0.2165905 0.1758588 0.1711058 0.2487717 0.1666914 0.2564509 0.2155097 0.2302858 0.2520667 0.2627060 0.1802561 0.1753882 0.1645877 0.1665320 0.1871081 0.2462512 0.1628377 0.1892845 0.1753882 0.1869515 0.0425972 0.2161224 0.1967309 0.2083103 0.2083103 0.2058645 0.2370549 0.2150533 0.2149146 0.2414101 0.2616864 0.2470887 0.2599350 0.2599350 0.2598351 0.2179576 0.2539999 0.2760645 0.2758565 0.1821224 0.2764387 0.2438508 0.2546196 0.1756047 0.1642923 0.1643779 0.2265460 0.2266517 0.2204059 0.2467553 0.2202483 0.2414101 0.2125003 0.2226622 0.2218348 0.2156398 0.2463610 0.2493331 0.2132681 0.2438508 0.2521408 0.1017944 0.2596837 0.1825486 0.2440699 0.2225593 0.2227173 0.2250380 0.2416952 0.2757737 0.2179012 
PP269926.1|Viet_Nam|NA|NA|Dengue_2|2016-12-09|2016.93698630137              0.0501282 0.0481533 0.0459504 0.0202844 0.0502198 0.0530390 0.0224548 0.2814167 0.0136955 0.0136855 0.0265223 0.2613160 0.2528477 0.2584490 0.2639603 0.2611683 0.2753181 0.0000000 0.0223528 0.0252737 0.0171677 0.0036021 0.0508186 0.2561231 0.2727108 0.2558395 0.0189106 0.2690272 0.0206520 0.2743698 0.0224131 0.2729975 0.2639486 0.2639486 0.2608646 0.0224277 0.0189139 0.0189139 0.0224164 0.0171638 0.0189434 0.0206655 0.0206611 0.2582204 0.2488600 6.3048268 0.2558107 0.2708924 0.2501649 0.2777949 0.1757953 0.2768062 0.0367141 0.0206603 0.0260084 0.2649454 0.2604964 0.0516037 0.0421914 0.0403951 0.0824469 0.2465452 0.0241837 0.2696295 0.2582155 0.2643656 0.2780897 0.0515584 0.2644539 0.0278056 0.2922275 0.2667344 0.2707191 0.0206619 0.0206619 0.0440221 0.0403895 0.0478027 0.0478014 0.2915465 0.0537088 0.2839691 0.2782487 0.0206710 0.2720221 0.2638672 0.2720221 0.2598539 0.2615509 0.2387593 0.2793006 0.2477818 0.2694887 0.2348363 0.2643975 0.2302928 0.2275001 0.2281122 0.2437408 0.0517545 0.2753048 0.2894850 0.2816878 0.2809047 0.2723623 0.0460838 0.0349515 0.0440388 0.2747738 0.2515943 0.0189091 0.0763952 0.2586231 0.2399984 0.2669192 0.2404480 0.2895824 0.2644389 0.0442124 0.0367492 0.0441347 0.0441347 0.2629816 0.2597904 0.2927099 0.0422686 0.2447805 0.2638971 0.2430693 0.0385869 0.2408430 0.0422404 0.2393750 0.2611166 0.0441029 0.0441934 0.2494047 0.2598597 0.2331792 0.2547275 0.2521984 0.0422400 0.2316192 0.2100704 0.2598597 0.2688705 0.2673300 0.2424283 0.2363470 0.2281087 0.2281087 0.2124419 0.2444732 0.2410573 0.2408784 0.0349280 0.0495941 0.0478837 0.0478859 0.0478859 0.0495921 0.2421411 0.0367402 0.0648506 0.0648210 0.2570918 0.0669094 0.0331427 0.0189188 0.2631246 0.2568087 0.2576616 0.2329572 0.2382205 0.2501781 0.0386177 0.2525864 0.0313423 0.2436371 0.2553483 0.2383581 0.2447644 0.0367492 0.0404463 0.2418824 0.0331427 0.0610441 0.2893069 0.0459666 0.2625979 0.0441161 0.2552070 0.2554184 0.2580514 0.0385607 0.0534468 0.2445292 
PP269927.1|Viet_Nam|NA|NA|Dengue_2|2016-12-22|2016.97260273973              0.0370441 0.0392666 0.0393202 0.0095583 0.0437247 0.0481944 0.0272561 0.2428118 0.0095537 0.0095537 0.0154316 0.2629566 0.2535032 0.2597542 0.2625299 0.2593520 0.2473736 0.0223528 0.0000000 0.0096229 0.0076280 0.0263180 0.0332617 0.2571763 0.2509885 0.2566042 0.0232380 0.2501320 0.0076280 0.2498891 0.0095537 0.2729167 0.2657445 0.2657445 0.2623004 0.0095583 0.0076316 0.0076316 0.0134210 0.0076298 0.0095678 0.0076316 0.0095537 0.2593520 0.2473527 6.1204311 0.2568099 0.2528847 0.2505119 0.2564146 0.1720969 0.2729342 0.0393302 0.0076280 0.0153925 0.2336907 0.2664270 0.0560661 0.0454182 0.0413621 0.0866074 0.2417506 0.0292064 0.2720719 0.2475057 0.2663670 0.2798839 0.0538975 0.2634047 0.0232755 0.2915512 0.2690101 0.2681233 0.0272137 0.0272137 0.0433802 0.0434029 0.0496369 0.0434859 0.2644062 0.0476570 0.2502542 0.2473538 0.0252314 0.2504222 0.2595741 0.2504222 0.2500558 0.2601766 0.2240194 0.2590138 0.2593311 0.2690101 0.2284158 0.2711283 0.2205763 0.2175170 0.2146999 0.2351858 0.0490261 0.2442595 0.2603607 0.2509112 0.2501939 0.2442595 0.0415303 0.0372913 0.0372772 0.2714890 0.2502248 0.0192867 0.0863239 0.2599497 0.2282461 0.2361305 0.2319828 0.2661313 0.2633880 0.0393093 0.0372805 0.0434320 0.0434320 0.2563340 0.2531321 0.2620269 0.0413952 0.2287521 0.2528392 0.2316617 0.0393224 0.2410724 0.0434222 0.2135605 0.2335585 0.0373564 0.0454641 0.2475200 0.2592044 0.2207637 0.2436498 0.2506500 0.0413640 0.2224568 0.1880710 0.2592044 0.2791069 0.2423278 0.2280097 0.2161884 0.2074311 0.2074311 0.2014300 0.2240786 0.2154632 0.2182032 0.0312191 0.0495722 0.0495960 0.0475150 0.0475150 0.0476203 0.2193905 0.0332197 0.0643399 0.0643399 0.2377420 0.0623442 0.0372704 0.0232496 0.2660709 0.2497688 0.2500405 0.2153099 0.2209530 0.2278330 0.0372704 0.2275689 0.0312191 0.2182032 0.2304864 0.2240127 0.2192577 0.0372805 0.0393111 0.2245079 0.0372704 0.0538706 0.2660553 0.0475516 0.2563963 0.0434096 0.2303561 0.2305548 0.2305548 0.0372704 0.0455238 0.2190445 
