150
PP269948.1|Viet_Nam|NA|NA|Dengue_3|2013-08-27|2013.65205479452                  0.0000000 0.0328091 0.0182381 0.0161786 0.0319545 0.0060139 0.0307894 0.0141490 0.0182497 0.0182517 0.0161847 0.0182576 0.0161807 0.0223706 0.0060139 0.0040012 0.2615726 0.0245835 0.0080352 0.0019993 0.2396798 0.2420284 0.2604377 0.2458021 0.2401735 0.2223446 0.2608639 0.3087341 0.2635331 0.2518775 0.2377079 0.0329087 0.2686888 0.1154842 0.2427582 0.1002420 0.2426126 0.2524542 0.2526843 0.2496864 0.2496150 0.0589187 0.0522423 0.0611848 0.2558138 0.2628524 0.2497050 0.2691312 0.2387098 0.2528878 0.2521364 0.2615925 0.1286211 0.2625009 0.2523418 0.2522694 0.2531725 0.2574634 0.2497050 0.2597499 0.0861675 0.2563960 0.2341181 0.2440440 0.2401424 0.2461073 0.2397643 0.2533418 0.2248217 0.2313091 0.2588850 0.0546529 0.2692814 0.2625955 0.2412299 0.1310600 0.2630200 0.0568742 0.0141357 0.0203035 0.1575781 0.2664436 0.2278021 0.2653063 0.2639322 0.2294070 0.2488026 0.2495396 0.2749099 0.2457653 0.2501396 0.2491224 0.0546646 0.2723582 0.2644377 0.2577818 0.2554362 0.0456619 0.2631445 0.2472274 0.2373033 0.0223783 0.2432548 0.2410679 0.0413581 0.2435384 0.1154746 0.2718170 0.2536167 0.2474137 0.2599268 0.2388016 0.0392629 0.0435445 0.0458986 0.0414856 0.0161890 0.2580280 0.0350202 0.0456874 0.0414535 0.2340920 0.2604929 0.2604929 0.2563245 0.2563245 0.0202867 0.0522807 0.0223850 0.0202983 0.0458119 0.0500252 0.0370668 0.0500252 0.0223595 0.0203097 0.0100654 0.0223595 0.0223711 0.0161890 0.0161847 0.0244297 0.0141376 0.0414138 0.0570813 0.0223768 0.0286972 0.0224129 0.0161860 0.0161909 
PP269951.1|Viet_Nam|NA|NA|Dengue_3|2012-09-17|2012.7095890411                   0.0328091 0.0000000 0.0341728 0.0323628 0.0312001 0.0277986 0.0425887 0.0312403 0.0348075 0.0383442 0.0308000 0.0391880 0.0361760 0.0401968 0.0298131 0.0294396 0.2414633 0.0502011 0.0370447 0.0276911 0.2457926 0.2255219 0.2401928 0.2310959 0.2386221 0.2234330 0.2399071 0.2823640 0.2661185 0.2286213 0.2442633 0.0439078 0.2473946 0.1206958 0.2235807 0.1058994 0.2233647 0.2333555 0.2553034 0.2489443 0.2368631 0.0663634 0.0644053 0.0758650 0.2541533 0.2627913 0.2489599 0.2652978 0.2227921 0.2489599 0.2314420 0.2338804 0.1297327 0.2641989 0.2339557 0.2700677 0.2416411 0.2670712 0.2516481 0.2529329 0.0896717 0.2534980 0.2334062 0.2419144 0.2384994 0.2435370 0.2382914 0.2470647 0.2228962 0.2284764 0.2524028 0.0588431 0.2610980 0.2448985 0.2444564 0.1317958 0.2579318 0.0607347 0.0347997 0.0401995 0.1523432 0.2659974 0.2306502 0.2558770 0.2531709 0.2325289 0.2411539 0.2516616 0.2594668 0.2386069 0.2289117 0.2288040 0.0588958 0.2502327 0.2433765 0.2510034 0.2470972 0.0511745 0.2507540 0.2314523 0.2263315 0.0329922 0.2289703 0.2367558 0.0511504 0.2490724 0.1206873 0.2598475 0.2585423 0.2583791 0.2579911 0.2259691 0.0475314 0.0493521 0.0532468 0.0494516 0.0276566 0.2387000 0.0457094 0.0531026 0.0512526 0.2254899 0.2453269 0.2453269 0.2419417 0.2419417 0.0119422 0.0568328 0.0241435 0.0188664 0.0494761 0.0624782 0.0438739 0.0624782 0.0102197 0.0223812 0.0258895 0.0102197 0.0206151 0.0276566 0.0153926 0.0119384 0.0258843 0.0549327 0.0609413 0.0241360 0.0330599 0.0206475 0.0223694 0.0241371 
PP269955.1|Viet_Nam|NA|NA|Dengue_3|2012-12-07|2012.93150684932                  0.0182381 0.0341728 0.0000000 0.0059327 0.0269955 0.0158511 0.0322174 0.0158559 0.0239335 0.0239361 0.0058920 0.0244569 0.0259621 0.0321274 0.0161749 0.0178499 0.2547590 0.0351303 0.0223711 0.0158555 0.2306102 0.2358319 0.2598233 0.2455150 0.2308736 0.2138402 0.2448364 0.3072293 0.2443891 0.2453692 0.2286629 0.0384578 0.2616368 0.1175406 0.2334526 0.1120632 0.2363840 0.2368686 0.2341901 0.2313295 0.2400409 0.0707674 0.0662508 0.0730053 0.2400597 0.2438015 0.2313460 0.2433475 0.2295887 0.2283574 0.2395842 0.2546152 0.1304464 0.2434801 0.2456500 0.2398799 0.2346100 0.2414895 0.2313460 0.2497825 0.0980038 0.2376592 0.2252199 0.2347686 0.2310380 0.2368034 0.2306861 0.2437390 0.2076984 0.2138384 0.2460404 0.0643239 0.2559757 0.2525382 0.2232219 0.1328380 0.2530663 0.0665374 0.0259720 0.0218976 0.1642879 0.2471850 0.2191336 0.2581991 0.2507763 0.2206183 0.2392908 0.2312007 0.2580332 0.2363576 0.2317161 0.2395842 0.0643372 0.2553513 0.2478229 0.2452105 0.2427455 0.0510576 0.2500747 0.2349700 0.2195455 0.0239351 0.2339135 0.2318922 0.0489127 0.2254756 0.1175310 0.2550751 0.2378662 0.2319417 0.2498742 0.2296721 0.0489626 0.0447104 0.0556085 0.0511944 0.0178580 0.2481945 0.0426375 0.0489235 0.0490253 0.2155523 0.2468640 0.2468640 0.2429182 0.2429182 0.0218799 0.0576115 0.0239421 0.0218922 0.0555031 0.0640172 0.0425560 0.0640172 0.0239153 0.0219043 0.0158420 0.0239153 0.0239275 0.0178580 0.0178534 0.0259474 0.0158432 0.0532333 0.0667791 0.0239335 0.0301414 0.0219322 0.0218910 0.0218976 
PP269944.1|Viet_Nam|NA|NA|Dengue_3|2012-10-26|2012.81643835616                  0.0161786 0.0323628 0.0059327 0.0000000 0.0293562 0.0139436 0.0303701 0.0180044 0.0220747 0.0220771 0.0039487 0.0223726 0.0241134 0.0303066 0.0141243 0.0159643 0.2569656 0.0329943 0.0202957 0.0139588 0.2297073 0.2378488 0.2621403 0.2476314 0.2299508 0.2128449 0.2540837 0.3100732 0.2527560 0.2474823 0.2277451 0.0408670 0.2639167 0.1185774 0.2354529 0.1082210 0.2384110 0.2450257 0.2423011 0.2393875 0.2421100 0.0668898 0.0623757 0.0713729 0.2482899 0.2521303 0.2394049 0.2457735 0.2315430 0.2363548 0.2416449 0.2568188 0.1316160 0.2517967 0.2477693 0.2480958 0.2427491 0.2498039 0.2394049 0.2489674 0.0941477 0.2458663 0.2242861 0.2338829 0.2301355 0.2359329 0.2297831 0.2429021 0.2152747 0.2215517 0.2481674 0.0626452 0.2582068 0.2547322 0.2311467 0.1340305 0.2586066 0.0648691 0.0220692 0.0241120 0.1603630 0.2555953 0.2181688 0.2669084 0.2531193 0.2196541 0.2413454 0.2392513 0.2637027 0.2383848 0.2398015 0.2416449 0.0626584 0.2581358 0.2505185 0.2535108 0.2448379 0.0536085 0.2522501 0.2369699 0.2273706 0.0261729 0.2359221 0.2309905 0.0514378 0.2334195 0.1185676 0.2606993 0.2460820 0.2400398 0.2490530 0.2316283 0.0472174 0.0471886 0.0538878 0.0494564 0.0200275 0.2503333 0.0450939 0.0514493 0.0515578 0.2237228 0.2491203 0.2491203 0.2451263 0.2451263 0.0200136 0.0602446 0.0220826 0.0200249 0.0537854 0.0601430 0.0450065 0.0601430 0.0220579 0.0200359 0.0139470 0.0220579 0.0220692 0.0200275 0.0159674 0.0240996 0.0179897 0.0515085 0.0651058 0.0220747 0.0324547 0.0200616 0.0200238 0.0200299 
PP269947.1|Viet_Nam|NA|NA|Dengue_3|2012-01-30|2012.07945205479                  0.0319545 0.0312001 0.0269955 0.0293562 0.0000000 0.0270007 0.0377828 0.0291375 0.0355453 0.0355639 0.0291395 0.0363607 0.0398614 0.0464211 0.0297524 0.0312407 0.2478484 0.0498004 0.0363527 0.0291368 0.2296085 0.2284302 0.2495013 0.2351578 0.2359447 0.2179967 0.2440538 0.3016255 0.2461977 0.2382085 0.2304055 0.0377836 0.2486973 0.1199800 0.2290922 0.1092852 0.2289794 0.2358140 0.2393300 0.2363333 0.2423008 0.0667002 0.0643323 0.0690044 0.2359610 0.2494295 0.2363509 0.2555599 0.2251256 0.2395205 0.2354187 0.2509501 0.1231347 0.2458804 0.2416828 0.2420970 0.2334670 0.2470252 0.2363509 0.2491884 0.0899711 0.2398078 0.2299097 0.2367748 0.2360057 0.2420455 0.2325071 0.2461351 0.2085609 0.2210638 0.2453030 0.0600527 0.2556248 0.2448952 0.2241967 0.1281800 0.2657590 0.0600527 0.0398779 0.0355453 0.1661813 0.2491025 0.2235276 0.2546485 0.2567636 0.2251173 0.2351224 0.2361952 0.2677855 0.2320926 0.2304643 0.2354187 0.0646299 0.2591606 0.2512047 0.2573169 0.2418823 0.0486447 0.2527723 0.2275785 0.2178486 0.0290972 0.2295591 0.2369235 0.0464289 0.2239954 0.1199699 0.2646648 0.2432060 0.2369930 0.2459949 0.2222695 0.0486754 0.0442661 0.0555692 0.0509897 0.0227382 0.2443207 0.0421166 0.0486351 0.0487400 0.2200434 0.2461172 0.2461172 0.2420134 0.2420134 0.0227218 0.0554147 0.0248664 0.0185279 0.0554600 0.0642961 0.0376763 0.0642961 0.0206159 0.0227482 0.0248521 0.0206159 0.0206268 0.0227382 0.0143620 0.0227129 0.0206295 0.0531052 0.0671670 0.0248571 0.0313140 0.0206657 0.0227338 0.0227410 
PP269952.1|Viet_Nam|NA|NA|Dengue_3|2012-11-08|2012.85205479452                  0.0060139 0.0277986 0.0158511 0.0139436 0.0270007 0.0000000 0.0281094 0.0137526 0.0172378 0.0158626 0.0152397 0.0161921 0.0124202 0.0189772 0.0036497 0.0085486 0.2475790 0.0224829 0.0100600 0.0068348 0.2401828 0.2288082 0.2463179 0.2344328 0.2354575 0.2178126 0.2419765 0.2890331 0.2604675 0.2369803 0.2359662 0.0350750 0.2508686 0.1153131 0.2268625 0.1005569 0.2266398 0.2379762 0.2496562 0.2433231 0.2402545 0.0611099 0.0591610 0.0667367 0.2591133 0.2571568 0.2433384 0.2596187 0.2260540 0.2433384 0.2347881 0.2423252 0.1243099 0.2585265 0.2373201 0.2644537 0.2413232 0.2613961 0.2460248 0.2497874 0.0843680 0.2478241 0.2277860 0.2362698 0.2328784 0.2379189 0.2326741 0.2414206 0.2172928 0.2228553 0.2492628 0.0536030 0.2579807 0.2483567 0.2388167 0.1263738 0.2519852 0.0554893 0.0137417 0.0225040 0.1467727 0.2575871 0.2250370 0.2538918 0.2475044 0.2268648 0.2394743 0.2460375 0.2537781 0.2369255 0.2334766 0.2321284 0.0573931 0.2591118 0.2521280 0.2451115 0.2491063 0.0459441 0.2528123 0.2360564 0.2228156 0.0225091 0.2322974 0.2311122 0.0422711 0.2434468 0.1153049 0.2567428 0.2580693 0.2527177 0.2548843 0.2292659 0.0386730 0.0404807 0.0443061 0.0405612 0.0172361 0.2420936 0.0368657 0.0441881 0.0423542 0.2221911 0.2501554 0.2501554 0.2467034 0.2467034 0.0189692 0.0497245 0.0207487 0.0189784 0.0479408 0.0572415 0.0386858 0.0572415 0.0207287 0.0189874 0.0120074 0.0207287 0.0207378 0.0172361 0.0154836 0.0224856 0.0154864 0.0460055 0.0537706 0.0207423 0.0260966 0.0207706 0.0154846 0.0172386 
PP269950.1|Viet_Nam|NA|NA|Dengue_3|2012-01-05|2012.01095890411                  0.0307894 0.0425887 0.0322174 0.0303701 0.0377828 0.0281094 0.0000000 0.0281188 0.0363845 0.0363885 0.0342834 0.0371634 0.0384569 0.0447764 0.0286701 0.0301476 0.2662539 0.0481605 0.0350223 0.0281182 0.2372225 0.2470358 0.2650878 0.2506030 0.2376470 0.2202508 0.2580032 0.3199321 0.2605702 0.2567253 0.2352813 0.0427500 0.2732540 0.1251284 0.2446589 0.1098682 0.2476219 0.2465127 0.2499776 0.2470435 0.2513664 0.0731283 0.0641628 0.0776372 0.2497718 0.2599140 0.2470615 0.2599538 0.2406912 0.2501742 0.2508816 0.2660994 0.1382784 0.2595723 0.2570289 0.2558128 0.2442457 0.2575986 0.2470615 0.2612741 0.1005286 0.2535988 0.2317751 0.2414769 0.2405832 0.2435076 0.2341438 0.2505706 0.2227158 0.2290609 0.2574459 0.0688803 0.2675525 0.2640513 0.2387609 0.1407007 0.2630544 0.0711168 0.0363749 0.0342969 0.1728478 0.2634210 0.2255977 0.2762453 0.2609112 0.2271513 0.2505662 0.2469015 0.2716253 0.2475980 0.2413050 0.2508816 0.0688944 0.2709343 0.2632486 0.2612525 0.2481643 0.0554617 0.2615833 0.2384801 0.2288961 0.0239934 0.2451483 0.2385645 0.0532949 0.2471901 0.1251181 0.2686008 0.2538205 0.2477282 0.2569450 0.2407821 0.0490495 0.0490561 0.0600789 0.0556122 0.0179011 0.2595798 0.0469672 0.0533070 0.0491125 0.2226256 0.2589270 0.2589270 0.2548830 0.2548830 0.0300982 0.0620880 0.0322048 0.0301154 0.0599636 0.0619354 0.0426623 0.0619354 0.0321678 0.0301326 0.0239872 0.0321678 0.0321846 0.0179011 0.0260141 0.0342303 0.0158812 0.0576619 0.0713779 0.0321929 0.0343545 0.0322449 0.0260161 0.0260241 
PP269945.1|Viet_Nam|NA|NA|Dengue_3|2011-05-17|2011.37260273973                  0.0141490 0.0312403 0.0158559 0.0180044 0.0291375 0.0137526 0.0281188 0.0000000 0.0171627 0.0198968 0.0171436 0.0203287 0.0214683 0.0259373 0.0147386 0.0154220 0.2450126 0.0309166 0.0182570 0.0137005 0.2285308 0.2289097 0.2464560 0.2345447 0.2236768 0.2066534 0.2300937 0.2892778 0.2482331 0.2370969 0.2269550 0.0295376 0.2510133 0.1126752 0.2217369 0.1061740 0.2267377 0.2263562 0.2376995 0.2315729 0.2350212 0.0665216 0.0607559 0.0683153 0.2469796 0.2450403 0.2315872 0.2473451 0.2209557 0.2315872 0.2295993 0.2424522 0.1215764 0.2462966 0.2374375 0.2521953 0.2295842 0.2490876 0.2342054 0.2405099 0.0898962 0.2358582 0.2164019 0.2246407 0.2213753 0.2263037 0.2211835 0.2296702 0.2111784 0.2166426 0.2400163 0.0552115 0.2485379 0.2430589 0.2271368 0.1236229 0.2453105 0.0570944 0.0206594 0.0189068 0.1527907 0.2481310 0.2137293 0.2540432 0.2355616 0.2154160 0.2317338 0.2342161 0.2416342 0.2317338 0.2219277 0.2269609 0.0589949 0.2512323 0.2443379 0.2385887 0.2398697 0.0402627 0.2434634 0.2244487 0.2145066 0.0189110 0.2271265 0.2196059 0.0366428 0.2316849 0.1126673 0.2419760 0.2458768 0.2406565 0.2425735 0.2241280 0.0403039 0.0384910 0.0459322 0.0421913 0.0136913 0.2290427 0.0313062 0.0385214 0.0367136 0.2104113 0.2404447 0.2404447 0.2370912 0.2370912 0.0188866 0.0439784 0.0171580 0.0188957 0.0495578 0.0588393 0.0331001 0.0588393 0.0206382 0.0154163 0.0119551 0.0206382 0.0206472 0.0136913 0.0154163 0.0223873 0.0119597 0.0476232 0.0553839 0.0206517 0.0224555 0.0206798 0.0154173 0.0171635 
PP269964.1|Viet_Nam|NA|NA|Dengue_3|2012-12-26|2012.98356164384                  0.0182497 0.0348075 0.0239335 0.0220747 0.0355453 0.0172378 0.0363845 0.0171627 0.0000000 0.0118395 0.0210160 0.0120943 0.0251173 0.0294765 0.0184766 0.0189003 0.2552037 0.0330208 0.0223855 0.0171716 0.2383157 0.2388448 0.2569100 0.2445845 0.2336004 0.2111178 0.2457067 0.3005226 0.2638683 0.2471694 0.2367656 0.0403235 0.2613232 0.1209497 0.2315947 0.1102526 0.2366583 0.2413926 0.2530714 0.2467323 0.2450905 0.0703270 0.0607196 0.0682746 0.2624971 0.2605529 0.2467478 0.2630378 0.2307604 0.2467478 0.2395807 0.2526101 0.1300140 0.2564431 0.2475357 0.2678261 0.2447465 0.2592801 0.2494312 0.2506732 0.0938568 0.2458557 0.2260407 0.2344315 0.2310819 0.2360723 0.2360969 0.2395294 0.2310215 0.2314798 0.2501492 0.0589460 0.2588243 0.2532566 0.2422439 0.1320831 0.2553939 0.0608415 0.0241685 0.0188844 0.1573397 0.2637495 0.2233210 0.2644079 0.2455420 0.2251154 0.2442867 0.2441049 0.2517406 0.2417215 0.2369103 0.2369005 0.0627552 0.2649318 0.2579186 0.2485069 0.2499929 0.0512284 0.2536837 0.2394857 0.2293258 0.0259292 0.2370727 0.2293265 0.0475392 0.2415407 0.1209411 0.2521042 0.2559954 0.2507013 0.2528113 0.2340099 0.0439327 0.0457461 0.0496082 0.0458377 0.0206492 0.2469253 0.0421187 0.0494749 0.0476335 0.2257929 0.2510802 0.2510802 0.2476439 0.2476439 0.0223812 0.0550344 0.0241669 0.0223921 0.0532513 0.0625884 0.0439469 0.0625884 0.0241435 0.0224028 0.0154128 0.0241435 0.0241541 0.0206492 0.0188933 0.0259020 0.0188967 0.0512977 0.0591313 0.0241594 0.0295274 0.0241925 0.0188945 0.0206523 
PP269961.1|Viet_Nam|NA|NA|Dengue_3|2013-11-12|2013.86301369863                  0.0182517 0.0383442 0.0239361 0.0220771 0.0355639 0.0158626 0.0363885 0.0198968 0.0118395 0.0000000 0.0219208 0.0120956 0.0259814 0.0321518 0.0161869 0.0178629 0.2671966 0.0351579 0.0223879 0.0158670 0.2363396 0.2478629 0.2660477 0.2514523 0.2367411 0.2135955 0.2639158 0.3212944 0.2628915 0.2576100 0.2344040 0.0426767 0.2742425 0.1250217 0.2454753 0.1121712 0.2484543 0.2550161 0.2522751 0.2493396 0.2522231 0.0708279 0.0663066 0.0730681 0.2583222 0.2622273 0.2493577 0.2683648 0.2414818 0.2524740 0.2517338 0.2670404 0.1381633 0.2555791 0.2579169 0.2644258 0.2527520 0.2536061 0.2493577 0.2621918 0.0980945 0.2496592 0.2309178 0.2405668 0.2367829 0.2425913 0.2424942 0.2496126 0.2249834 0.2313400 0.2583380 0.0643780 0.2685086 0.2649845 0.2410575 0.1405844 0.2653718 0.0665937 0.0259914 0.0178490 0.1699570 0.2657409 0.2247726 0.2772515 0.2598925 0.2263122 0.2514152 0.2430388 0.2705413 0.2484305 0.2497824 0.2517338 0.0643914 0.2834109 0.2755728 0.2572679 0.2549634 0.0553662 0.2625040 0.2469307 0.2372121 0.0280335 0.2459690 0.2376690 0.0532033 0.2433189 0.1250114 0.2675332 0.2498766 0.2438418 0.2559308 0.2415737 0.0490017 0.0489719 0.0556540 0.0512357 0.0219111 0.2604806 0.0468866 0.0532153 0.0533271 0.2340649 0.2598787 0.2598787 0.2558062 0.2558062 0.0259587 0.0619805 0.0280420 0.0259735 0.0555485 0.0640707 0.0467960 0.0640707 0.0280102 0.0259880 0.0158534 0.0280102 0.0280246 0.0219111 0.0219054 0.0300564 0.0198806 0.0532764 0.0668358 0.0280318 0.0342958 0.0280765 0.0219071 0.0219137 
PP269960.1|Viet_Nam|NA|NA|Dengue_3|2013-10-10|2013.77260273973                  0.0161847 0.0308000 0.0058920 0.0039487 0.0291395 0.0152397 0.0342834 0.0171436 0.0210160 0.0219208 0.0000000 0.0223813 0.0238521 0.0288445 0.0157699 0.0171335 0.2514603 0.0330076 0.0203035 0.0152200 0.2305305 0.2333355 0.2560566 0.2424632 0.2307813 0.2144270 0.2500515 0.3014045 0.2523252 0.2424702 0.2286612 0.0408794 0.2580357 0.1193379 0.2281257 0.1073456 0.2338592 0.2394412 0.2394520 0.2366881 0.2371794 0.0678780 0.0613565 0.0720511 0.2509050 0.2457998 0.2367044 0.2483615 0.2273527 0.2338125 0.2369229 0.2483007 0.1317776 0.2458216 0.2397512 0.2509047 0.2372718 0.2439137 0.2367044 0.2397344 0.0939191 0.2402134 0.2225029 0.2345201 0.2280610 0.2335688 0.2277290 0.2343334 0.2112906 0.2172267 0.2362361 0.0616086 0.2455667 0.2491697 0.2317416 0.1340790 0.2579332 0.0637231 0.0210110 0.0229544 0.1568686 0.2522074 0.2195109 0.2607139 0.2498485 0.2209391 0.2336977 0.2396406 0.2598582 0.2308985 0.2344827 0.2339691 0.0637358 0.2554024 0.2478742 0.2416012 0.2390155 0.0530144 0.2459738 0.2318022 0.2227352 0.0268796 0.2313511 0.2288645 0.0509480 0.2340763 0.1193285 0.2570118 0.2404143 0.2347029 0.2489870 0.2274315 0.0469287 0.0489504 0.0532773 0.0490601 0.0210136 0.2421897 0.0449061 0.0531169 0.0510611 0.2131439 0.2458760 0.2458760 0.2421107 0.2421107 0.0190560 0.0593284 0.0210231 0.0190663 0.0552591 0.0592331 0.0448232 0.0592331 0.0210007 0.0190762 0.0132818 0.0210007 0.0210110 0.0210136 0.0152049 0.0229432 0.0190676 0.0530803 0.0639440 0.0210160 0.0308831 0.0190995 0.0190653 0.0190708 
PP269967.1|Viet_Nam|NA|NA|Dengue_3|2014-12-03|2014.92054794521                  0.0182576 0.0391880 0.0244569 0.0223726 0.0363607 0.0161921 0.0371634 0.0203287 0.0120943 0.0120956 0.0223813 0.0000000 0.0265478 0.0328564 0.0161921 0.0182497 0.2647969 0.0330359 0.0223954 0.0162103 0.2365433 0.2451403 0.2637447 0.2489436 0.2369586 0.2133132 0.2640966 0.3198196 0.2634931 0.2550473 0.2284224 0.0436226 0.2719596 0.1229602 0.2458850 0.1123486 0.2457351 0.2555911 0.2558237 0.2528123 0.2527861 0.0701565 0.0633305 0.0724780 0.2589716 0.2660541 0.2528312 0.2723975 0.2418009 0.2560313 0.2553126 0.2648172 0.1337386 0.2528195 0.2555221 0.2554013 0.2499458 0.2541958 0.2528312 0.2564353 0.0979766 0.2468037 0.2310044 0.2408643 0.2369966 0.2429318 0.2428326 0.2501106 0.2278159 0.2343426 0.2555878 0.0658364 0.2659131 0.2625551 0.2411942 0.1361952 0.2662266 0.0681056 0.0244664 0.0182351 0.1714714 0.2729750 0.2247273 0.2685557 0.2606251 0.2262997 0.2519579 0.2463414 0.2715225 0.2489062 0.2532759 0.2522846 0.0658503 0.2807690 0.2727497 0.2609330 0.2521629 0.0566041 0.2663991 0.2503509 0.2403668 0.0286457 0.2463906 0.2379031 0.0478433 0.2466340 0.1229499 0.2684453 0.2503809 0.2442120 0.2565849 0.2418951 0.0500928 0.0500615 0.0569055 0.0523809 0.0223872 0.2612286 0.0457724 0.0478541 0.0479555 0.2405979 0.2604509 0.2604509 0.2562834 0.2562834 0.0265240 0.0633768 0.0286546 0.0265394 0.0567949 0.0610609 0.0478341 0.0610609 0.0286213 0.0265546 0.0121002 0.0286213 0.0286364 0.0223872 0.0223813 0.0307132 0.0203117 0.0522884 0.0683592 0.0286439 0.0350504 0.0286907 0.0223830 0.0223899 
PP269958.1|Viet_Nam|NA|NA|Dengue_3|2013-03-15|2013.2                            0.0161807 0.0361760 0.0259621 0.0241134 0.0398614 0.0124202 0.0384569 0.0214683 0.0251173 0.0259814 0.0238521 0.0265478 0.0000000 0.0052861 0.0131812 0.0142069 0.2583200 0.0080747 0.0202983 0.0124230 0.2391409 0.2413208 0.2544805 0.2418419 0.2398134 0.2267519 0.2523181 0.3056490 0.2603908 0.2499716 0.2402684 0.0438382 0.2646904 0.1239540 0.2365560 0.1062343 0.2362908 0.2475810 0.2520267 0.2454487 0.2479960 0.0651746 0.0691510 0.0750899 0.2616527 0.2598023 0.2454647 0.2623796 0.2329244 0.2507322 0.2420945 0.2527971 0.1334323 0.2637615 0.2475500 0.2644696 0.2403096 0.2667512 0.2482507 0.2545846 0.0893674 0.2526276 0.2344790 0.2405912 0.2397928 0.2450496 0.2395749 0.2487405 0.2208553 0.2266409 0.2540276 0.0633245 0.2631077 0.2564561 0.2380403 0.1355906 0.2595875 0.0653093 0.0214500 0.0306336 0.1546846 0.2600825 0.2289004 0.2622554 0.2551270 0.2308353 0.2497879 0.2453224 0.2617172 0.2471130 0.2429031 0.2420945 0.0653214 0.2589939 0.2520190 0.2525384 0.2538612 0.0552295 0.2577369 0.2456012 0.2317258 0.0287890 0.2396224 0.2379786 0.0513720 0.2426514 0.1239449 0.2648280 0.2632738 0.2520436 0.2600476 0.2363049 0.0476072 0.0475813 0.0535548 0.0457960 0.0232809 0.2525425 0.0457120 0.0513822 0.0495522 0.2233384 0.2492271 0.2492271 0.2456712 0.2456712 0.0269221 0.0592179 0.0251099 0.0269359 0.0554068 0.0671264 0.0476229 0.0671264 0.0287674 0.0232755 0.0196345 0.0287674 0.0287808 0.0232809 0.0232755 0.0306072 0.0214525 0.0533667 0.0615517 0.0287874 0.0344173 0.0288288 0.0232771 0.0251185 
PP269970.1|Viet_Nam|NA|NA|Dengue_3|2014-02-25|2014.15068493151                  0.0223706 0.0401968 0.0321274 0.0303066 0.0464211 0.0189772 0.0447764 0.0259373 0.0294765 0.0321518 0.0288445 0.0328564 0.0052861 0.0000000 0.0203422 0.0206354 0.2630467 0.0060455 0.0265334 0.0189043 0.2461191 0.2464873 0.2536509 0.2414907 0.2469265 0.2340886 0.2591646 0.3029955 0.2664919 0.2549197 0.2499467 0.0494694 0.2692593 0.1315194 0.2391770 0.1081412 0.2415959 0.2543433 0.2559536 0.2495658 0.2528387 0.0683803 0.0740667 0.0817926 0.2758735 0.2634714 0.2495815 0.2659941 0.2383005 0.2546788 0.2472600 0.2549144 0.1407987 0.2673425 0.2498337 0.2704476 0.2472934 0.2702365 0.2522807 0.2584952 0.0918164 0.2565687 0.2389547 0.2475791 0.2441031 0.2491925 0.2438891 0.2527859 0.2283184 0.2339737 0.2579470 0.0684176 0.2667425 0.2611055 0.2501440 0.1428972 0.2686788 0.0703459 0.0259159 0.0348260 0.1549528 0.2719381 0.2361625 0.2667419 0.2589842 0.2381120 0.2519965 0.2574135 0.2653762 0.2494053 0.2498146 0.2445470 0.0722941 0.2643235 0.2573363 0.2564335 0.2577830 0.0605286 0.2615504 0.2524379 0.2420855 0.0348339 0.2447243 0.2423634 0.0567797 0.2547967 0.1315100 0.2657716 0.2668627 0.2559923 0.2666299 0.2416108 0.0531284 0.0549669 0.0589272 0.0513795 0.0294733 0.2495064 0.0512873 0.0587651 0.0550220 0.2311044 0.2563841 0.2563841 0.2529081 0.2529081 0.0312223 0.0644128 0.0294680 0.0312378 0.0626161 0.0720979 0.0531449 0.0720979 0.0330132 0.0276875 0.0241548 0.0330132 0.0330281 0.0294733 0.0276875 0.0347967 0.0276924 0.0606133 0.0667117 0.0330355 0.0385037 0.0330816 0.0276893 0.0294779 
PP269957.1|Viet_Nam|NA|NA|Dengue_3|2013-01-24|2013.06301369863                  0.0060139 0.0298131 0.0161749 0.0141243 0.0297524 0.0036497 0.0286701 0.0147386 0.0184766 0.0161869 0.0157699 0.0161921 0.0131812 0.0203422 0.0000000 0.0091577 0.2500303 0.0224829 0.0100600 0.0073215 0.2466153 0.2297010 0.2427835 0.2330252 0.2387589 0.2225446 0.2516391 0.2948275 0.2655378 0.2384825 0.2421015 0.0376428 0.2534319 0.1176150 0.2276149 0.1016023 0.2301972 0.2470670 0.2562311 0.2499782 0.2391183 0.0636477 0.0595382 0.0676819 0.2612551 0.2619622 0.2499951 0.2676566 0.2295551 0.2528946 0.2388314 0.2414758 0.1296367 0.2693109 0.2361138 0.2697888 0.2477017 0.2666195 0.2528946 0.2552875 0.0886981 0.2577032 0.2332742 0.2395784 0.2387584 0.2441855 0.2385342 0.2479927 0.2246819 0.2279204 0.2545140 0.0576074 0.2639664 0.2451934 0.2451263 0.1318634 0.2567362 0.0596428 0.0128615 0.0203483 0.1538186 0.2654080 0.2275206 0.2532257 0.2545871 0.2323283 0.2384235 0.2500093 0.2643912 0.2356942 0.2449577 0.2332713 0.0596544 0.2524313 0.2451747 0.2575250 0.2543404 0.0473624 0.2583760 0.2477588 0.2367109 0.0241345 0.2334534 0.2368810 0.0434259 0.2472299 0.1176060 0.2618112 0.2630250 0.2572710 0.2538230 0.2301947 0.0415113 0.0434554 0.0475869 0.0435486 0.0184747 0.2439797 0.0376289 0.0434346 0.0435177 0.2332077 0.2557423 0.2557423 0.2519774 0.2519774 0.0203331 0.0534136 0.0222447 0.0203437 0.0494961 0.0574813 0.0415258 0.0574813 0.0222217 0.0203540 0.0110119 0.0222217 0.0222322 0.0184747 0.0165940 0.0241074 0.0165972 0.0454554 0.0578019 0.0222374 0.0279908 0.0222700 0.0165952 0.0184776 
PP269976.1|Viet_Nam|NA|NA|Dengue_3|2015-03-25|2015.22739726027                  0.0040012 0.0294396 0.0178499 0.0159643 0.0312407 0.0085486 0.0301476 0.0154220 0.0189003 0.0178629 0.0171335 0.0182497 0.0142069 0.0206354 0.0091577 0.0000000 0.2419339 0.0245725 0.0080318 0.0016918 0.2409691 0.2259439 0.2432954 0.2315353 0.2362880 0.2187261 0.2429878 0.2857725 0.2611379 0.2340718 0.2394249 0.0348873 0.2478851 0.1104437 0.2239985 0.0979378 0.2237811 0.2387766 0.2558126 0.2494312 0.2373210 0.0588812 0.0588343 0.0663648 0.2597882 0.2633236 0.2494469 0.2658427 0.2232059 0.2494469 0.2318832 0.2393893 0.1192871 0.2592113 0.2344042 0.2650951 0.2421070 0.2620635 0.2521437 0.2428269 0.0819152 0.2485741 0.2286443 0.2370835 0.2337081 0.2387194 0.2335045 0.2422044 0.2182064 0.2237412 0.2423268 0.0533086 0.2508767 0.2453817 0.2396150 0.1213242 0.2527062 0.0551838 0.0154096 0.0241564 0.1435679 0.2610221 0.2259096 0.2508912 0.2482553 0.2277350 0.2365552 0.2467915 0.2544940 0.2340176 0.2343053 0.2292373 0.0570761 0.2543609 0.2474458 0.2458681 0.2421782 0.0456954 0.2457910 0.2368702 0.2267523 0.0206414 0.2294042 0.2319553 0.0420433 0.2442162 0.1104359 0.2548640 0.2587555 0.2534367 0.2556017 0.2263933 0.0384653 0.0439142 0.0440656 0.0403425 0.0154113 0.2391619 0.0366681 0.0476288 0.0421255 0.2231223 0.2428687 0.2428687 0.2394991 0.2394991 0.0206267 0.0494535 0.0224048 0.0206367 0.0476798 0.0569263 0.0384779 0.0569263 0.0223832 0.0206465 0.0136787 0.0223832 0.0223931 0.0154113 0.0171485 0.0241367 0.0136761 0.0457560 0.0534743 0.0223979 0.0277456 0.0224285 0.0171496 0.0189012 
OR875976.1|Indonesia|NA|NA|Dengue_3|2022-11-15|2022.87123287671                 0.2615726 0.2414633 0.2547590 0.2569656 0.2478484 0.2475790 0.2662539 0.2450126 0.2552037 0.2671966 0.2514603 0.2647969 0.2583200 0.2630467 0.2500303 0.2419339 0.0000000 0.2731145 0.2679608 0.2447103 0.2654381 0.0259458 0.0897943 0.0977485 0.2638636 0.2693222 0.2628184 0.0656787 0.2829391 0.0277625 0.2748964 0.2425590 0.0331735 0.2586580 0.0683982 0.2854777 0.0313173 0.2600751 0.2888937 0.2819339 0.0820795 0.2430603 0.2349936 0.2587476 0.2875093 0.2968240 0.2819526 0.2879831 0.0494702 0.2819526 0.0819174 0.0838486 0.2681318 0.2813678 0.0799804 0.3048938 0.2692528 0.2851055 0.2848341 0.1299340 0.2591909 0.2759283 0.2632369 0.2695923 0.2713290 0.2740072 0.2599213 0.2693800 0.2547018 0.2552381 0.1255182 0.2487053 0.1321701 0.0839865 0.2715868 0.2653163 0.2810539 0.2514567 0.2444868 0.2529445 0.3505770 0.2952017 0.2658306 0.0822708 0.2759006 0.2655515 0.0741300 0.2819502 0.2941940 0.0722125 0.2554636 0.0760923 0.2476555 0.0675990 0.0625168 0.2576625 0.1296656 0.2685038 0.1279888 0.2553958 0.2530255 0.2415950 0.0627911 0.2585464 0.2523124 0.2740512 0.2534184 0.2976444 0.2870003 0.2813647 0.2897126 0.0551196 0.2472821 0.2339275 0.2541893 0.2533011 0.2391532 0.0682932 0.2476555 0.2502922 0.2504240 0.2388111 0.1213423 0.1235829 0.1188935 0.1188935 0.2416076 0.2641603 0.2447510 0.2340680 0.2391584 0.2321734 0.2557792 0.2321734 0.2416076 0.2420483 0.2470450 0.2416076 0.2314179 0.2391532 0.2340354 0.2441366 0.2364815 0.2471288 0.2633267 0.2365584 0.2427301 0.2397634 0.2417891 0.2392469 
PP269975.1|Viet_Nam|NA|NA|Dengue_3|2013-10-15|2013.78630136986                  0.0245835 0.0502011 0.0351303 0.0329943 0.0498004 0.0224829 0.0481605 0.0309166 0.0330208 0.0351579 0.0330076 0.0330359 0.0080747 0.0060455 0.0224829 0.0245725 0.2731145 0.0000000 0.0287854 0.0225088 0.2382707 0.2530541 0.2586854 0.2440654 0.2451547 0.2331311 0.2724303 0.3220417 0.2582823 0.2631669 0.2394208 0.0547835 0.2804405 0.1338249 0.2473908 0.1105644 0.2504399 0.2636270 0.2516738 0.2486555 0.2543505 0.0682744 0.0704438 0.0797695 0.2732781 0.2619080 0.2486741 0.2682222 0.2432679 0.2579595 0.2568930 0.2664733 0.1475852 0.2644579 0.2571058 0.2573179 0.2518144 0.2626417 0.2486741 0.2580323 0.0961562 0.2582933 0.2389019 0.2489947 0.2450146 0.2510646 0.2446236 0.2584347 0.2294453 0.2360553 0.2571722 0.0730248 0.2675862 0.2634912 0.2423619 0.1501029 0.2745049 0.0753361 0.0308863 0.0372703 0.1697993 0.2677254 0.2324858 0.2669275 0.2692170 0.2341514 0.2535100 0.2545548 0.2803992 0.2504349 0.2612977 0.2538419 0.0730401 0.2744781 0.2664805 0.2629004 0.2537181 0.0680585 0.2647361 0.2583231 0.2481283 0.0394211 0.2479035 0.2459763 0.0635620 0.2452860 0.1338136 0.2772598 0.2587185 0.2460274 0.2652412 0.2433636 0.0614028 0.0613626 0.0684328 0.0593172 0.0330165 0.2566808 0.0569823 0.0635774 0.0614669 0.2358604 0.2552431 0.2552431 0.2511078 0.2511078 0.0372379 0.0750232 0.0351417 0.0372602 0.0638091 0.0681289 0.0590674 0.0681289 0.0393867 0.0330076 0.0266826 0.0393867 0.0394082 0.0330165 0.0330076 0.0415249 0.0308904 0.0636548 0.0778883 0.0394189 0.0460029 0.0394851 0.0330102 0.0330208 
PP269977.1|Viet_Nam|NA|NA|Dengue_3|2015-08-24|2015.64383561644                  0.0080352 0.0370447 0.0223711 0.0202957 0.0363527 0.0100600 0.0350223 0.0182570 0.0223855 0.0223879 0.0203035 0.0223954 0.0202983 0.0265334 0.0100600 0.0080318 0.2679608 0.0287854 0.0000000 0.0060197 0.2457638 0.2482032 0.2602607 0.2456458 0.2400216 0.2282855 0.2606905 0.3233933 0.2633584 0.2581625 0.2438041 0.0371584 0.2751654 0.1204173 0.2426050 0.1002015 0.2488082 0.2522927 0.2525225 0.2495278 0.2494541 0.0633667 0.0566336 0.0656537 0.2556485 0.2626789 0.2495463 0.2689489 0.2448448 0.2527257 0.2519732 0.2614189 0.1336951 0.2623280 0.2521782 0.2584786 0.2530098 0.2637834 0.2495463 0.2661595 0.0908300 0.2562296 0.2401637 0.2502076 0.2462440 0.2522602 0.2458531 0.2595955 0.2246885 0.2311692 0.2652607 0.0590808 0.2757839 0.2624199 0.2410795 0.1361506 0.2628461 0.0613201 0.0182395 0.0244520 0.1602580 0.2662658 0.2337784 0.2717423 0.2703215 0.2292682 0.2486432 0.2493812 0.2814421 0.2456090 0.2499800 0.2489624 0.0590934 0.2763478 0.2683882 0.2576152 0.2617702 0.0499979 0.2695921 0.2470708 0.2371575 0.0265426 0.2494766 0.2472061 0.0456619 0.2433861 0.1204072 0.2783226 0.2598787 0.2536167 0.2663888 0.2449412 0.0435565 0.0478688 0.0502597 0.0458043 0.0203088 0.2643711 0.0392845 0.0500263 0.0457684 0.2339414 0.2672562 0.2672562 0.2630193 0.2630193 0.0244316 0.0566751 0.0265507 0.0244457 0.0501638 0.0543965 0.0413365 0.0543965 0.0265201 0.0244596 0.0141419 0.0265201 0.0265340 0.0203088 0.0203035 0.0286042 0.0182419 0.0457243 0.0615454 0.0265409 0.0329168 0.0265841 0.0203050 0.0203113 
PP269971.1|Viet_Nam|NA|NA|Dengue_3|2014-10-14|2014.78356164384                  0.0019993 0.0276911 0.0158555 0.0139588 0.0291368 0.0068348 0.0281182 0.0137005 0.0171716 0.0158670 0.0152200 0.0162103 0.0124230 0.0189043 0.0073215 0.0016918 0.2447103 0.0225088 0.0060197 0.0000000 0.2386866 0.2286387 0.2461437 0.2342626 0.2339693 0.2164924 0.2406228 0.2888670 0.2587868 0.2336425 0.2371351 0.0331224 0.2506982 0.1084966 0.2266928 0.0960248 0.2264703 0.2364955 0.2534761 0.2471216 0.2400837 0.0570602 0.0570149 0.0645296 0.2574538 0.2609728 0.2471372 0.2634666 0.2258851 0.2471372 0.2346175 0.2421548 0.1173100 0.2568566 0.2371495 0.2627487 0.2398097 0.2597001 0.2498264 0.2456197 0.0800420 0.2462466 0.2263875 0.2347966 0.2314388 0.2364391 0.2312372 0.2399050 0.2159805 0.2214956 0.2451109 0.0514986 0.2537096 0.2481860 0.2373238 0.1193436 0.2503809 0.0533693 0.0136889 0.0224173 0.1414889 0.2586735 0.2236620 0.2537216 0.2459317 0.2254630 0.2393041 0.2444887 0.2521451 0.2367553 0.2320281 0.2319581 0.0552569 0.2578417 0.2508956 0.2435762 0.2449594 0.0439107 0.2486018 0.2345871 0.2244932 0.0189098 0.2321270 0.2296813 0.0402666 0.2419193 0.1084890 0.2525102 0.2564071 0.2511017 0.2532228 0.2290961 0.0366941 0.0421314 0.0422762 0.0385643 0.0136904 0.2419234 0.0349004 0.0458361 0.0403451 0.2205824 0.2455714 0.2455714 0.2421805 0.2421805 0.0188964 0.0476575 0.0206688 0.0189055 0.0458849 0.0551123 0.0367063 0.0551123 0.0206489 0.0189144 0.0119611 0.0206489 0.0206580 0.0136904 0.0154242 0.0223990 0.0119589 0.0439686 0.0516583 0.0206624 0.0259955 0.0206906 0.0154252 0.0171724 
PP234925.1|Philippines|NA|NA|Dengue_3|2018-07-01|2018.49589041096               0.2396798 0.2457926 0.2306102 0.2297073 0.2296085 0.2401828 0.2372225 0.2285308 0.2383157 0.2363396 0.2305305 0.2365433 0.2391409 0.2461191 0.2466153 0.2409691 0.2654381 0.2382707 0.2457638 0.2386866 0.0000000 0.2566958 0.2898616 0.2845532 0.0483815 0.0475592 0.1657746 0.3299011 0.1532772 0.2600384 0.0295128 0.2211256 0.2691759 0.2289541 0.2599601 0.2529663 0.2569284 0.1485095 0.1670374 0.1573809 0.2687850 0.2267217 0.2163128 0.2497610 0.1708282 0.1643693 0.1573897 0.1680040 0.2486618 0.1619257 0.2736193 0.2815256 0.2324208 0.1538834 0.2762832 0.1640180 0.1510944 0.1494566 0.1551402 0.2392225 0.2368745 0.1493646 0.0438724 0.0494420 0.0475288 0.0475342 0.0777885 0.0531339 0.1446371 0.1404527 0.2334331 0.2294894 0.2417917 0.2880687 0.1531700 0.2347965 0.1488029 0.2321061 0.2437525 0.2358590 0.3370744 0.1741869 0.0384183 0.2744686 0.0645571 0.0477990 0.2622940 0.1596481 0.0762862 0.2596688 0.1487778 0.2707899 0.2321526 0.2607385 0.2537871 0.1223959 0.2383209 0.2458418 0.2367985 0.1466619 0.1422571 0.2359237 0.2524997 0.0494562 0.2356723 0.1575008 0.2289368 0.0743491 0.1469778 0.1427181 0.0654769 0.2412581 0.2154793 0.2180442 0.2268852 0.2287293 0.2283415 0.2512571 0.2285743 0.2389375 0.2234535 0.1246525 0.2474317 0.2474317 0.2412277 0.2412277 0.2356723 0.2466584 0.2334832 0.2283104 0.2239955 0.2136414 0.2336924 0.2136414 0.2356723 0.2308751 0.2409691 0.2356723 0.2257264 0.2283415 0.2282792 0.2381410 0.2257572 0.2255345 0.2378969 0.2359521 0.2312456 0.2338528 0.2358444 0.2333630 
PP087306.1|India|NA|NA|Dengue_3|2017-12-10|2017.9397260274                      0.2420284 0.2255219 0.2358319 0.2378488 0.2284302 0.2288082 0.2470358 0.2289097 0.2388448 0.2478629 0.2333355 0.2451403 0.2413208 0.2464873 0.2297010 0.2259439 0.0259458 0.2530541 0.2482032 0.2286387 0.2566958 0.0000000 0.0736376 0.0797306 0.2574350 0.2657186 0.2645595 0.0484371 0.2767230 0.0085149 0.2712405 0.2315063 0.0137062 0.2365218 0.0476132 0.2734149 0.0050920 0.2645385 0.2883786 0.2814404 0.0607313 0.2319729 0.2240820 0.2473512 0.2920414 0.2962878 0.2814590 0.2874682 0.0259097 0.2814590 0.0606168 0.0624809 0.2509639 0.2747929 0.0587506 0.2980358 0.2737611 0.2842306 0.2843325 0.1127315 0.2477617 0.2694262 0.2597003 0.2687970 0.2677190 0.2703734 0.2564237 0.2685865 0.2591497 0.2596980 0.1084739 0.2374834 0.1148833 0.0663891 0.2655148 0.2482400 0.2802032 0.2401732 0.2284326 0.2467920 0.3363287 0.2942815 0.2622719 0.0665753 0.2750729 0.2619588 0.0568382 0.2811022 0.2932715 0.0549808 0.2599292 0.0550131 0.2365074 0.0598117 0.0548075 0.2514623 0.1125076 0.2517913 0.1108221 0.2598586 0.2574893 0.2308706 0.0458325 0.2578022 0.2464717 0.2732391 0.2314698 0.2967020 0.2861194 0.2805114 0.2858397 0.0312825 0.2361598 0.2230927 0.2428456 0.2420208 0.2232535 0.0493894 0.2391801 0.2498777 0.2392135 0.2353473 0.1100264 0.1122142 0.1076557 0.1076557 0.2256509 0.2578442 0.2286682 0.2182973 0.2282132 0.2213312 0.2444588 0.2213312 0.2256509 0.2260455 0.2309263 0.2256509 0.2157246 0.2232535 0.2182673 0.2281175 0.2206600 0.2360177 0.2517439 0.2259159 0.2266606 0.2238011 0.2258144 0.2181716 
OR364401.1|China|Guangzhou|NA|Dengue_3|2023-06-20|2023.46575342466              0.2604377 0.2401928 0.2598233 0.2621403 0.2495013 0.2463179 0.2650878 0.2464560 0.2569100 0.2660477 0.2560566 0.2637447 0.2544805 0.2536509 0.2427835 0.2432954 0.0897943 0.2586854 0.2602607 0.2461437 0.2898616 0.0736376 0.0000000 0.0210702 0.2734089 0.2792738 0.2983425 0.1102821 0.2966139 0.0737784 0.2880281 0.2439408 0.0858760 0.2407205 0.0337268 0.2676878 0.0717746 0.2875495 0.3151582 0.3076047 0.0467477 0.2444582 0.2334492 0.2523701 0.3107107 0.3172832 0.3076261 0.3143141 0.0678103 0.3076261 0.0318974 0.0246509 0.2584867 0.2886585 0.0228618 0.3190387 0.2943039 0.3109303 0.3107028 0.1308329 0.2524990 0.2830548 0.2671872 0.2766477 0.2754911 0.2782389 0.2581313 0.2822825 0.2838015 0.2785858 0.1306166 0.2502361 0.1374774 0.0374471 0.2966784 0.2556577 0.2943125 0.2530600 0.2514751 0.2599340 0.3356751 0.3152359 0.2756188 0.0821062 0.2831823 0.2696035 0.0503824 0.3011352 0.2935868 0.0485107 0.2910457 0.0264603 0.2491515 0.0779341 0.0727657 0.2722337 0.1305564 0.2651547 0.1330859 0.2881377 0.2825247 0.2429452 0.0563747 0.2652491 0.2595768 0.2928731 0.2382336 0.2971092 0.3099246 0.3007167 0.2947337 0.0639881 0.2459984 0.2377971 0.2502361 0.2521409 0.2404423 0.0735589 0.2519729 0.2578211 0.2520093 0.2608026 0.1191090 0.1213401 0.1211242 0.1211242 0.2429585 0.2657782 0.2406707 0.2352290 0.2404326 0.2305732 0.2575049 0.2305732 0.2429585 0.2379260 0.2485370 0.2429585 0.2379446 0.2404423 0.2351954 0.2455517 0.2377023 0.2514026 0.2652715 0.2432638 0.2441174 0.2385991 0.2431458 0.2377971 
OR364402.1|China|Guangzhou|NA|Dengue_3|2023-06-15|2023.45205479452              0.2458021 0.2310959 0.2455150 0.2476314 0.2351578 0.2344328 0.2506030 0.2345447 0.2445845 0.2514523 0.2424632 0.2489436 0.2418419 0.2414907 0.2330252 0.2315353 0.0977485 0.2440654 0.2456458 0.2342626 0.2845532 0.0797306 0.0210702 0.0000000 0.2688659 0.2771251 0.2884898 0.1142178 0.2969447 0.0818213 0.2827548 0.2321193 0.0918611 0.2368857 0.0329912 0.2575646 0.0778953 0.2795917 0.3150791 0.3076940 0.0457134 0.2325892 0.2246662 0.2428889 0.3079163 0.3171566 0.3077149 0.3142538 0.0739680 0.3077149 0.0312030 0.0294260 0.2513637 0.2891627 0.0258957 0.3188733 0.2942569 0.3109461 0.3107235 0.1277583 0.2430074 0.2836793 0.2653529 0.2745648 0.2734479 0.2761265 0.2565277 0.2800550 0.2786866 0.2793004 0.1275528 0.2408091 0.1342262 0.0366262 0.2911428 0.2486332 0.2946943 0.2435239 0.2393742 0.2474673 0.3306413 0.3151550 0.2735710 0.0821837 0.2867201 0.2676896 0.0456201 0.3013661 0.2910387 0.0438020 0.2802706 0.0258871 0.2398091 0.0831200 0.0779111 0.2730788 0.1233079 0.2576754 0.1258175 0.2855862 0.2774153 0.2312209 0.0569880 0.2690626 0.2471445 0.2932837 0.2318227 0.2944609 0.3128075 0.3009592 0.2889064 0.0682672 0.2367902 0.2288960 0.2435083 0.2426774 0.2288095 0.0797605 0.2398243 0.2454099 0.2398579 0.2550111 0.1234680 0.1257153 0.1210079 0.1210079 0.2262384 0.2450423 0.2290144 0.2238011 0.2314348 0.2219040 0.2451250 0.2219040 0.2262384 0.2263858 0.2365701 0.2262384 0.2264031 0.2288095 0.2237702 0.2287145 0.2261850 0.2419959 0.2606721 0.2315063 0.2322804 0.2269958 0.2314003 0.2236701 
OQ579393.1|Philippines|NA|NA|Dengue_3|2015-08-15|2015.61917808219               0.2401735 0.2386221 0.2308736 0.2299508 0.2359447 0.2354575 0.2376470 0.2236768 0.2336004 0.2367411 0.2307813 0.2369586 0.2398134 0.2469265 0.2387589 0.2362880 0.2638636 0.2451547 0.2400216 0.2339693 0.0483815 0.2574350 0.2734089 0.2688659 0.0000000 0.0209981 0.1741092 0.3282724 0.1635092 0.2581741 0.0282087 0.2213701 0.2701998 0.2136819 0.2498878 0.2592048 0.2633093 0.1539430 0.1730365 0.1630698 0.2640757 0.2375064 0.2112917 0.2343851 0.1769134 0.1702734 0.1630791 0.1788667 0.2492262 0.1722995 0.2579645 0.2631748 0.2249280 0.1547353 0.2606238 0.1605700 0.1543961 0.1502224 0.1654146 0.2344253 0.2480589 0.1502628 0.0281641 0.0336512 0.0317825 0.0317861 0.0616910 0.0410013 0.1409307 0.1411677 0.2285721 0.2272585 0.2370303 0.2665806 0.1587454 0.2273321 0.1542558 0.2299212 0.2391049 0.2311081 0.3313326 0.1802387 0.0156588 0.2673092 0.0523432 0.0283107 0.2578379 0.1607536 0.0601124 0.2551731 0.1542297 0.2551532 0.2299683 0.2404131 0.2336316 0.1313426 0.2335326 0.2415126 0.2369297 0.1498307 0.1475243 0.2311726 0.2506714 0.0373330 0.2362400 0.1585621 0.2162425 0.0581967 0.1454824 0.1433538 0.0447700 0.2389482 0.2104695 0.2130647 0.2193762 0.2238716 0.2234881 0.2433778 0.2289837 0.2395815 0.2237490 0.1226506 0.2455357 0.2455357 0.2393301 0.2393301 0.2309231 0.2420453 0.2286958 0.2234571 0.2216726 0.2085919 0.2289039 0.2085919 0.2309231 0.2260546 0.2362880 0.2309231 0.2260718 0.2234881 0.2234261 0.2334272 0.2208716 0.2206510 0.2358258 0.2311999 0.2264222 0.2290621 0.2310936 0.2259381 
