150
PP269948.1|Viet_Nam|NA|NA|Dengue_3|2013-08-27|2013.65205479452                  0.0000000 0.0327939 0.0182298 0.0161713 0.0319398 0.0060113 0.0307752 0.0141426 0.0182414 0.0182434 0.0161774 0.0182493 0.0161734 0.0223604 0.0060113 0.0039995 0.2613988 0.0245722 0.0080316 0.0019984 0.2395282 0.2418725 0.2602645 0.2456424 0.2400205 0.2222066 0.2606933 0.3085041 0.2633588 0.2517127 0.2375569 0.0328934 0.2685079 0.1154232 0.2426010 0.1001906 0.2424561 0.2522911 0.2525211 0.2495257 0.2494513 0.0588902 0.0522173 0.0611551 0.2556475 0.2626796 0.2495443 0.2689520 0.2385571 0.2527242 0.2519710 0.2614187 0.1285514 0.2623283 0.2521759 0.2521069 0.2530082 0.2572942 0.2495443 0.2595763 0.0861242 0.2562284 0.2339706 0.2438874 0.2399899 0.2459500 0.2396123 0.2531771 0.2246821 0.2311637 0.2587131 0.0546265 0.2690992 0.2624196 0.2410757 0.1309888 0.2628465 0.0568467 0.0141294 0.0202942 0.1574866 0.2662673 0.2276602 0.2651291 0.2637570 0.2292623 0.2486404 0.2493792 0.2747234 0.2456056 0.2499778 0.2489595 0.0546383 0.2721777 0.2642639 0.2576149 0.2552677 0.0456404 0.2629680 0.2470680 0.2371530 0.0223681 0.2430969 0.2409138 0.0413387 0.2433829 0.1154136 0.2716332 0.2534515 0.2472540 0.2597548 0.2386486 0.0392445 0.0435240 0.0458767 0.0414660 0.0161817 0.2578577 0.0350039 0.0456658 0.0414340 0.2339448 0.2603197 0.2603197 0.2561558 0.2561558 0.0202775 0.0522557 0.0223747 0.0202891 0.0457901 0.0500014 0.0370495 0.0500014 0.0223493 0.0203004 0.0100609 0.0223493 0.0223609 0.0161817 0.0161774 0.0244185 0.0141312 0.0413943 0.0570536 0.0223666 0.0286839 0.0224026 0.0161786 0.0161835 
PP269951.1|Viet_Nam|NA|NA|Dengue_3|2012-09-17|2012.7095890411                   0.0327939 0.0000000 0.0341570 0.0323478 0.0311857 0.0277859 0.0425687 0.0312259 0.0347914 0.0383264 0.0307858 0.0391697 0.0361593 0.0401781 0.0297994 0.0294261 0.2413076 0.0501773 0.0370275 0.0276784 0.2456365 0.2253800 0.2400377 0.2309490 0.2384709 0.2232947 0.2397554 0.2821628 0.2659429 0.2284764 0.2441074 0.0438872 0.2472331 0.1206320 0.2234398 0.1058447 0.2232245 0.2332093 0.2551378 0.2487851 0.2367107 0.0663311 0.0643741 0.0758276 0.2539894 0.2626196 0.2488007 0.2651233 0.2226527 0.2488007 0.2312943 0.2337309 0.1296627 0.2640241 0.2338059 0.2698901 0.2414875 0.2668938 0.2514865 0.2527661 0.0896265 0.2533327 0.2332600 0.2417602 0.2383489 0.2433825 0.2381411 0.2469061 0.2227588 0.2283340 0.2522370 0.0588148 0.2609238 0.2447389 0.2443004 0.1317246 0.2577634 0.0607054 0.0347836 0.0401807 0.1522560 0.2658223 0.2305064 0.2557079 0.2530062 0.2323819 0.2409988 0.2515000 0.2592957 0.2384539 0.2287685 0.2286586 0.0588674 0.2500723 0.2432217 0.2508425 0.2469361 0.0511503 0.2505889 0.2313071 0.2261906 0.0329770 0.2288248 0.2366059 0.0511262 0.2489129 0.1206235 0.2596757 0.2583729 0.2582100 0.2578216 0.2258265 0.0475090 0.0493287 0.0532213 0.0494281 0.0276440 0.2385467 0.0456879 0.0530773 0.0512283 0.2253502 0.2451672 0.2451672 0.2417855 0.2417855 0.0119368 0.0568056 0.0241325 0.0188579 0.0494526 0.0624481 0.0438533 0.0624481 0.0102151 0.0223710 0.0258777 0.0102151 0.0206057 0.0276440 0.0153857 0.0119330 0.0258725 0.0549064 0.0609117 0.0241250 0.0330446 0.0206381 0.0223593 0.0241261 
PP269955.1|Viet_Nam|NA|NA|Dengue_3|2012-12-07|2012.93150684932                  0.0182298 0.0341570 0.0000000 0.0059301 0.0269831 0.0158440 0.0322025 0.0158487 0.0239226 0.0239252 0.0058894 0.0244457 0.0259502 0.0321125 0.0161676 0.0178419 0.2545915 0.0351139 0.0223609 0.0158483 0.2304662 0.2356814 0.2596509 0.2453557 0.2307285 0.2137092 0.2446799 0.3070006 0.2442318 0.2452102 0.2285196 0.0384398 0.2614626 0.1174785 0.2333036 0.1120049 0.2362330 0.2367191 0.2340428 0.2311844 0.2398858 0.0707326 0.0662186 0.0729694 0.2399073 0.2436456 0.2312009 0.2431914 0.2294438 0.2282149 0.2394298 0.2544481 0.1303757 0.2433242 0.2454904 0.2397279 0.2344618 0.2413346 0.2312009 0.2496181 0.0979538 0.2375081 0.2250799 0.2346200 0.2308933 0.2366542 0.2305418 0.2435828 0.2075726 0.2137074 0.2458800 0.0642925 0.2558059 0.2523718 0.2230829 0.1327659 0.2529018 0.0665048 0.0259601 0.0218877 0.1641918 0.2470260 0.2189989 0.2580287 0.2506131 0.2204810 0.2391371 0.2310560 0.2578627 0.2362062 0.2315702 0.2394298 0.0643059 0.2551862 0.2476640 0.2450544 0.2425883 0.0510333 0.2499102 0.2348212 0.2194100 0.0239241 0.2337638 0.2317459 0.0488895 0.2253354 0.1174689 0.2549071 0.2377149 0.2317954 0.2497114 0.2295270 0.0489393 0.0446893 0.0555817 0.0511699 0.0178499 0.2480332 0.0426175 0.0489003 0.0490020 0.2154204 0.2467031 0.2467031 0.2427613 0.2427613 0.0218700 0.0575838 0.0239312 0.0218822 0.0554765 0.0639862 0.0425360 0.0639862 0.0239044 0.0218943 0.0158348 0.0239044 0.0239166 0.0178499 0.0178453 0.0259355 0.0158360 0.0532078 0.0667462 0.0239226 0.0301275 0.0219222 0.0218811 0.0218877 
PP269944.1|Viet_Nam|NA|NA|Dengue_3|2012-10-26|2012.81643835616                  0.0161713 0.0323478 0.0059301 0.0000000 0.0293427 0.0139373 0.0303561 0.0179963 0.0220646 0.0220670 0.0039470 0.0223624 0.0241024 0.0302927 0.0141179 0.0159571 0.2567966 0.0329790 0.0202864 0.0139525 0.2295643 0.2376970 0.2619662 0.2474706 0.2298067 0.2127148 0.2539194 0.3098425 0.2525918 0.2473218 0.2276028 0.0408478 0.2637408 0.1185147 0.2353025 0.1081650 0.2382586 0.2448696 0.2421472 0.2392360 0.2419534 0.0668571 0.0623455 0.0713379 0.2481307 0.2519675 0.2392533 0.2456153 0.2313969 0.2362059 0.2414891 0.2566501 0.1315446 0.2516339 0.2476082 0.2479371 0.2425942 0.2496420 0.2392533 0.2488041 0.0941000 0.2457084 0.2241471 0.2337353 0.2299918 0.2357846 0.2296398 0.2427469 0.2151431 0.2214147 0.2480055 0.0626148 0.2580353 0.2545642 0.2310014 0.1339575 0.2584374 0.0648374 0.0220591 0.0241010 0.1602697 0.2554292 0.2180350 0.2667303 0.2529542 0.2195178 0.2411903 0.2391001 0.2635272 0.2382320 0.2396491 0.2414891 0.0626279 0.2579689 0.2503579 0.2533479 0.2446792 0.0535829 0.2520840 0.2368197 0.2272289 0.0261609 0.2357710 0.2308452 0.0514134 0.2332729 0.1185049 0.2605263 0.2459240 0.2398869 0.2488913 0.2314819 0.0471951 0.0471663 0.0538619 0.0494328 0.0200184 0.2501705 0.0450726 0.0514249 0.0515332 0.2235845 0.2489578 0.2489578 0.2449679 0.2449679 0.0200045 0.0602156 0.0220726 0.0200158 0.0537596 0.0601140 0.0449853 0.0601140 0.0220478 0.0200268 0.0139407 0.0220478 0.0220591 0.0200184 0.0159602 0.0240886 0.0179816 0.0514839 0.0650738 0.0220646 0.0324397 0.0200524 0.0200147 0.0200208 
PP269947.1|Viet_Nam|NA|NA|Dengue_3|2012-01-30|2012.07945205479                  0.0319398 0.0311857 0.0269831 0.0293427 0.0000000 0.0269883 0.0377652 0.0291241 0.0355288 0.0355474 0.0291261 0.0363438 0.0398427 0.0463992 0.0297387 0.0312263 0.2476869 0.0497767 0.0363357 0.0291234 0.2294648 0.2282858 0.2493380 0.2350073 0.2357950 0.2178620 0.2438977 0.3014026 0.2460391 0.2380556 0.2302604 0.0377659 0.2485341 0.1199165 0.2289466 0.1092286 0.2288344 0.2356652 0.2391780 0.2361837 0.2421432 0.0666677 0.0643011 0.0689707 0.2358118 0.2492682 0.2362013 0.2553925 0.2249843 0.2393681 0.2352676 0.2507860 0.1230687 0.2457221 0.2415263 0.2419429 0.2333195 0.2468650 0.2362013 0.2490242 0.0899257 0.2396545 0.2297655 0.2366242 0.2358564 0.2418914 0.2323610 0.2459765 0.2084342 0.2209266 0.2451429 0.0600236 0.2554548 0.2447359 0.2240571 0.1281109 0.2655825 0.0600236 0.0398592 0.0355288 0.1660836 0.2489419 0.2233889 0.2544810 0.2565946 0.2249759 0.2349720 0.2360459 0.2676054 0.2319446 0.2303191 0.2352676 0.0645984 0.2589917 0.2510424 0.2571498 0.2417254 0.0486216 0.2526049 0.2274356 0.2177142 0.0290838 0.2294128 0.2367726 0.0464070 0.2238561 0.1199063 0.2644874 0.2430498 0.2368420 0.2458353 0.2221303 0.0486523 0.0442452 0.0555424 0.0509654 0.0227278 0.2441625 0.0420968 0.0486121 0.0487169 0.2199076 0.2459565 0.2459565 0.2418570 0.2418570 0.0227115 0.0553881 0.0248550 0.0185195 0.0554334 0.0642649 0.0376587 0.0642649 0.0206066 0.0227378 0.0248407 0.0206066 0.0206174 0.0227278 0.0143555 0.0227026 0.0206202 0.0530798 0.0671339 0.0248458 0.0312994 0.0206563 0.0227235 0.0227306 
PP269952.1|Viet_Nam|NA|NA|Dengue_3|2012-11-08|2012.85205479452                  0.0060113 0.0277859 0.0158440 0.0139373 0.0269883 0.0000000 0.0280965 0.0137464 0.0172300 0.0158554 0.0152328 0.0161848 0.0124146 0.0189686 0.0036481 0.0085447 0.2474181 0.0224726 0.0100555 0.0068317 0.2400303 0.2286637 0.2461577 0.2342832 0.2353079 0.2176779 0.2418218 0.2888254 0.2602957 0.2368286 0.2358163 0.0350586 0.2507042 0.1152521 0.2267190 0.1005050 0.2264970 0.2378251 0.2494943 0.2431675 0.2400994 0.0610802 0.0591324 0.0667041 0.2589439 0.2569888 0.2431829 0.2594479 0.2259121 0.2431829 0.2346377 0.2421688 0.1242430 0.2583554 0.2371676 0.2642798 0.2411686 0.2612225 0.2458669 0.2496224 0.0843256 0.2476625 0.2276433 0.2361192 0.2327315 0.2377680 0.2325274 0.2412657 0.2171590 0.2227165 0.2490986 0.0535772 0.2578082 0.2481943 0.2386643 0.1263056 0.2518212 0.0554626 0.0137355 0.0224938 0.1466888 0.2574184 0.2248968 0.2537249 0.2473435 0.2267215 0.2393206 0.2458796 0.2536108 0.2367739 0.2333287 0.2319804 0.0573653 0.2589435 0.2519655 0.2449549 0.2489425 0.0459225 0.2526445 0.2359064 0.2226768 0.0224989 0.2321492 0.2309660 0.0422512 0.2432910 0.1152440 0.2565726 0.2578993 0.2525524 0.2547165 0.2291207 0.0386549 0.0404617 0.0442851 0.0405421 0.0172282 0.2419376 0.0368484 0.0441673 0.0423343 0.2220532 0.2499906 0.2499906 0.2465423 0.2465423 0.0189606 0.0497009 0.0207392 0.0189698 0.0479180 0.0572139 0.0386677 0.0572139 0.0207192 0.0189788 0.0120020 0.0207192 0.0207284 0.0172282 0.0154766 0.0224754 0.0154794 0.0459837 0.0537447 0.0207328 0.0260846 0.0207611 0.0154776 0.0172308 
PP269950.1|Viet_Nam|NA|NA|Dengue_3|2012-01-05|2012.01095890411                  0.0307752 0.0425687 0.0322025 0.0303561 0.0377652 0.0280965 0.0000000 0.0281059 0.0363676 0.0363716 0.0342675 0.0371461 0.0384389 0.0447553 0.0286569 0.0301337 0.2660775 0.0481377 0.0350060 0.0281052 0.2370728 0.2468770 0.2649122 0.2504406 0.2374960 0.2201144 0.2578351 0.3196923 0.2603983 0.2565577 0.2351322 0.0427298 0.2730706 0.1250615 0.2445015 0.1098112 0.2474623 0.2463548 0.2498166 0.2468849 0.2512027 0.0730923 0.0641317 0.0775987 0.2496109 0.2597437 0.2469029 0.2597824 0.2405382 0.2500128 0.2507186 0.2659233 0.1382025 0.2594021 0.2568606 0.2556469 0.2440891 0.2574293 0.2469029 0.2611008 0.1004771 0.2534336 0.2316294 0.2413224 0.2404304 0.2433524 0.2339966 0.2504082 0.2225778 0.2289172 0.2572767 0.0688464 0.2673735 0.2638758 0.2386087 0.1406234 0.2628809 0.0710817 0.0363580 0.0342810 0.1727453 0.2632473 0.2254575 0.2760597 0.2607386 0.2270084 0.2504039 0.2467432 0.2714418 0.2474381 0.2411509 0.2507186 0.0688606 0.2707561 0.2630769 0.2610822 0.2480033 0.0554352 0.2614098 0.2383283 0.2287528 0.0239824 0.2449901 0.2384124 0.0532695 0.2470312 0.1250513 0.2684199 0.2536552 0.2475682 0.2567756 0.2406288 0.0490263 0.0490328 0.0600497 0.0555855 0.0178929 0.2594098 0.0469450 0.0532815 0.0490891 0.2224875 0.2587568 0.2587568 0.2547170 0.2547170 0.0300843 0.0620579 0.0321899 0.0301016 0.0599346 0.0619055 0.0426423 0.0619055 0.0321529 0.0301187 0.0239762 0.0321529 0.0321697 0.0178929 0.0260022 0.0342144 0.0158740 0.0576341 0.0713425 0.0321780 0.0343385 0.0322299 0.0260042 0.0260122 
PP269945.1|Viet_Nam|NA|NA|Dengue_3|2011-05-17|2011.37260273973                  0.0141426 0.0312259 0.0158487 0.0179963 0.0291241 0.0137464 0.0281059 0.0000000 0.0171550 0.0198877 0.0171359 0.0203194 0.0214585 0.0259254 0.0147320 0.0154150 0.2448530 0.0309023 0.0182488 0.0136943 0.2283886 0.2287643 0.2462947 0.2343941 0.2235375 0.2065280 0.2299496 0.2890684 0.2480727 0.2369442 0.2268131 0.0295240 0.2508478 0.1126161 0.2215970 0.1061190 0.2265940 0.2262153 0.2375485 0.2314278 0.2348698 0.0664892 0.0607266 0.0682819 0.2468214 0.2448834 0.2314421 0.2471857 0.2208172 0.2314421 0.2294526 0.2422947 0.1215113 0.2461371 0.2372841 0.2520328 0.2294400 0.2489256 0.2340580 0.2403534 0.0898508 0.2357076 0.2162690 0.2245004 0.2212384 0.2261630 0.2210467 0.2295258 0.2110498 0.2165092 0.2398607 0.0551850 0.2483743 0.2429002 0.2269947 0.1235566 0.2451528 0.0570669 0.0206500 0.0188982 0.1527029 0.2479710 0.2135987 0.2538750 0.2354115 0.2152826 0.2315858 0.2340688 0.2414783 0.2315858 0.2217898 0.2268165 0.0589664 0.2510703 0.2441816 0.2384381 0.2397144 0.0402439 0.2433043 0.2243088 0.2143747 0.0189024 0.2269820 0.2194697 0.0366258 0.2315396 0.1126081 0.2418194 0.2457182 0.2405023 0.2424171 0.2239863 0.0402850 0.0384731 0.0459104 0.0421715 0.0136851 0.2288971 0.0312917 0.0385034 0.0366965 0.2102833 0.2402888 0.2402888 0.2369388 0.2369388 0.0188781 0.0439577 0.0171502 0.0188872 0.0495343 0.0588109 0.0330848 0.0588109 0.0206288 0.0154093 0.0119497 0.0206288 0.0206379 0.0136851 0.0154093 0.0223771 0.0119543 0.0476006 0.0553571 0.0206423 0.0224452 0.0206704 0.0154103 0.0171558 
PP269964.1|Viet_Nam|NA|NA|Dengue_3|2012-12-26|2012.98356164384                  0.0182414 0.0347914 0.0239226 0.0220646 0.0355288 0.0172300 0.0363676 0.0171550 0.0000000 0.0118341 0.0210064 0.0120889 0.0251058 0.0294629 0.0184682 0.0188917 0.2550354 0.0330055 0.0223752 0.0171638 0.2381656 0.2386912 0.2567396 0.2444255 0.2334532 0.2109892 0.2455495 0.3003020 0.2636942 0.2470082 0.2366157 0.0403046 0.2611486 0.1208854 0.2314467 0.1101950 0.2365065 0.2412393 0.2529073 0.2465745 0.2449306 0.0702924 0.0606903 0.0682413 0.2623255 0.2603826 0.2465900 0.2628647 0.2306141 0.2465900 0.2394256 0.2524439 0.1299435 0.2562748 0.2473736 0.2676499 0.2445897 0.2591093 0.2492711 0.2505080 0.0938091 0.2456967 0.2259002 0.2342833 0.2309373 0.2359237 0.2359480 0.2393770 0.2308769 0.2313344 0.2499850 0.0589174 0.2586517 0.2530892 0.2420893 0.1320114 0.2552277 0.0608119 0.0241574 0.0188758 0.1572484 0.2635759 0.2231829 0.2642306 0.2453836 0.2249742 0.2441283 0.2439494 0.2515761 0.2415652 0.2367601 0.2367479 0.0627247 0.2647581 0.2577508 0.2483481 0.2498289 0.0512041 0.2535158 0.2393335 0.2291818 0.0259173 0.2369200 0.2291826 0.0475167 0.2413873 0.1208769 0.2519390 0.2558281 0.2505387 0.2526462 0.2338601 0.0439120 0.0457245 0.0495845 0.0458160 0.0206399 0.2467645 0.0420989 0.0494514 0.0476109 0.2256527 0.2509152 0.2509152 0.2474825 0.2474825 0.0223710 0.0550081 0.0241558 0.0223819 0.0532258 0.0625580 0.0439262 0.0625580 0.0241325 0.0223925 0.0154059 0.0241325 0.0241431 0.0206399 0.0188847 0.0258902 0.0188881 0.0512733 0.0591025 0.0241484 0.0295137 0.0241814 0.0188860 0.0206429 
PP269961.1|Viet_Nam|NA|NA|Dengue_3|2013-11-12|2013.86301369863                  0.0182434 0.0383264 0.0239252 0.0220670 0.0355474 0.0158554 0.0363716 0.0198877 0.0118341 0.0000000 0.0219108 0.0120902 0.0259695 0.0321369 0.0161795 0.0178548 0.2670179 0.0351415 0.0223777 0.0158598 0.2361911 0.2477022 0.2658699 0.2512881 0.2365913 0.2134650 0.2637426 0.3210510 0.2627179 0.2574403 0.2342562 0.0426566 0.2740568 0.1249548 0.2453160 0.1121127 0.2482929 0.2548511 0.2521124 0.2491792 0.2520574 0.0707930 0.0662743 0.0730321 0.2581540 0.2620552 0.2491974 0.2681864 0.2413270 0.2523109 0.2515689 0.2668621 0.1380873 0.2554129 0.2577465 0.2642524 0.2525882 0.2534407 0.2491974 0.2620164 0.0980443 0.2494979 0.2307734 0.2404136 0.2366336 0.2424373 0.2423401 0.2494516 0.2248437 0.2311948 0.2581668 0.0643465 0.2683273 0.2648069 0.2409035 0.1405069 0.2651965 0.0665611 0.0259795 0.0178409 0.1698564 0.2655654 0.2246335 0.2770635 0.2597214 0.2261704 0.2512510 0.2428842 0.2703595 0.2482688 0.2496211 0.2515689 0.0643599 0.2832203 0.2753891 0.2571016 0.2547955 0.0553397 0.2623283 0.2467717 0.2370619 0.0280206 0.2458090 0.2375182 0.0531779 0.2431637 0.1249445 0.2673540 0.2497152 0.2436856 0.2557630 0.2414187 0.0489784 0.0489486 0.0556271 0.0512111 0.0219012 0.2603085 0.0468644 0.0531899 0.0533016 0.2339179 0.2597063 0.2597063 0.2556382 0.2556382 0.0259468 0.0619505 0.0280290 0.0259615 0.0555218 0.0640396 0.0467739 0.0640396 0.0279973 0.0259761 0.0158462 0.0279973 0.0280117 0.0219012 0.0218955 0.0300426 0.0198716 0.0532509 0.0668029 0.0280189 0.0342798 0.0280636 0.0218971 0.0219037 
PP269960.1|Viet_Nam|NA|NA|Dengue_3|2013-10-10|2013.77260273973                  0.0161774 0.0307858 0.0058894 0.0039470 0.0291261 0.0152328 0.0342675 0.0171359 0.0210064 0.0219108 0.0000000 0.0223710 0.0238412 0.0288312 0.0157627 0.0171257 0.2512954 0.0329923 0.0202942 0.0152131 0.2303868 0.2331869 0.2558874 0.2423064 0.2306366 0.2142957 0.2498906 0.3011824 0.2521615 0.2423135 0.2285182 0.0408602 0.2578644 0.1192747 0.2279810 0.1072900 0.2337100 0.2392897 0.2393008 0.2365391 0.2370267 0.0678447 0.0613269 0.0720157 0.2507438 0.2456428 0.2365554 0.2482016 0.2272095 0.2336659 0.2367705 0.2481389 0.1317060 0.2456639 0.2395965 0.2507437 0.2371215 0.2437569 0.2365554 0.2395797 0.0938713 0.2400604 0.2223654 0.2343720 0.2279190 0.2334225 0.2275874 0.2341856 0.2111621 0.2170931 0.2360849 0.0615787 0.2454070 0.2490062 0.2315960 0.1340061 0.2577647 0.0636920 0.0210014 0.0229439 0.1567778 0.2520443 0.2193760 0.2605409 0.2496864 0.2208018 0.2335485 0.2394890 0.2596863 0.2307516 0.2343347 0.2338194 0.0637047 0.2552376 0.2477156 0.2414484 0.2388621 0.0529892 0.2458136 0.2316563 0.2225972 0.0268673 0.2312035 0.2287210 0.0509239 0.2339291 0.1192654 0.2568424 0.2402611 0.2345545 0.2488253 0.2272881 0.0469065 0.0489272 0.0532517 0.0490367 0.0210040 0.2420334 0.0448850 0.0530916 0.0510368 0.2130142 0.2457166 0.2457166 0.2419551 0.2419551 0.0190474 0.0592998 0.0210136 0.0190576 0.0552326 0.0592046 0.0448022 0.0592046 0.0209912 0.0190676 0.0132758 0.0209912 0.0210014 0.0210040 0.0151981 0.0229327 0.0190590 0.0530549 0.0639127 0.0210064 0.0308688 0.0190908 0.0190566 0.0190621 
PP269967.1|Viet_Nam|NA|NA|Dengue_3|2014-12-03|2014.92054794521                  0.0182493 0.0391697 0.0244457 0.0223624 0.0363438 0.0161848 0.0371461 0.0203194 0.0120889 0.0120902 0.0223710 0.0000000 0.0265356 0.0328411 0.0161848 0.0182414 0.2646201 0.0330206 0.0223851 0.0162030 0.2363944 0.2449817 0.2635684 0.2487811 0.2368084 0.2131826 0.2639230 0.3195771 0.2633188 0.2548796 0.2282793 0.0436019 0.2717756 0.1228945 0.2457250 0.1122900 0.2455758 0.2554252 0.2556577 0.2526488 0.2526195 0.0701220 0.0632997 0.0724422 0.2588024 0.2658784 0.2526676 0.2722152 0.2416455 0.2558649 0.2551442 0.2646404 0.1336655 0.2526556 0.2553533 0.2552360 0.2497844 0.2540296 0.2526676 0.2562648 0.0979264 0.2466448 0.2308596 0.2407106 0.2368469 0.2427773 0.2426779 0.2499488 0.2276737 0.2341946 0.2554189 0.0658041 0.2657342 0.2623793 0.2410400 0.1361206 0.2660502 0.0680720 0.0244552 0.0182268 0.1713695 0.2727926 0.2245880 0.2683754 0.2604530 0.2261576 0.2517929 0.2461839 0.2713404 0.2487437 0.2531113 0.2521188 0.0658180 0.2805806 0.2725682 0.2607633 0.2519974 0.0565769 0.2662195 0.2501887 0.2402138 0.0286325 0.2462299 0.2377517 0.0478207 0.2464757 0.1228842 0.2682658 0.2502187 0.2440551 0.2564160 0.2417394 0.0500689 0.0500377 0.0568779 0.0523558 0.0223770 0.2610555 0.0457507 0.0478314 0.0479327 0.2404451 0.2602777 0.2602777 0.2561148 0.2561148 0.0265119 0.0633460 0.0286413 0.0265272 0.0567675 0.0610313 0.0478114 0.0610313 0.0286081 0.0265424 0.0120947 0.0286081 0.0286232 0.0223770 0.0223710 0.0306990 0.0203025 0.0522633 0.0683254 0.0286307 0.0350341 0.0286774 0.0223728 0.0223797 
PP269958.1|Viet_Nam|NA|NA|Dengue_3|2013-03-15|2013.2                            0.0161734 0.0361593 0.0259502 0.0241024 0.0398427 0.0124146 0.0384389 0.0214585 0.0251058 0.0259695 0.0238412 0.0265356 0.0000000 0.0052837 0.0131752 0.0142005 0.2581497 0.0080711 0.0202891 0.0124174 0.2389898 0.2411658 0.2543132 0.2416860 0.2396606 0.2266101 0.2521552 0.3054239 0.2602193 0.2498088 0.2401153 0.0438176 0.2645137 0.1238879 0.2364044 0.1061792 0.2361401 0.2474224 0.2518629 0.2452915 0.2478341 0.0651428 0.0691171 0.0750529 0.2614815 0.2596321 0.2453075 0.2622065 0.2327769 0.2505707 0.2419380 0.2526317 0.1333596 0.2635862 0.2473888 0.2642959 0.2401564 0.2665732 0.2480910 0.2544158 0.0893223 0.2524622 0.2343312 0.2404375 0.2396405 0.2448930 0.2394228 0.2485797 0.2207191 0.2264995 0.2538598 0.0632937 0.2629311 0.2562864 0.2378888 0.1355166 0.2594174 0.0652774 0.0214403 0.0306195 0.1545953 0.2599119 0.2287575 0.2620809 0.2549597 0.2306890 0.2496255 0.2451655 0.2615432 0.2469527 0.2427478 0.2419380 0.0652895 0.2588262 0.2518571 0.2523758 0.2536938 0.0552032 0.2575652 0.2454437 0.2315803 0.0287757 0.2394680 0.2378269 0.0513476 0.2424967 0.1238788 0.2646508 0.2630996 0.2518795 0.2598755 0.2361539 0.0475847 0.0475588 0.0535291 0.0457743 0.0232703 0.2523776 0.0456904 0.0513578 0.0495287 0.2232000 0.2490639 0.2490639 0.2455117 0.2455117 0.0269098 0.0591894 0.0250984 0.0269235 0.0553802 0.0670936 0.0476004 0.0670936 0.0287542 0.0232649 0.0196256 0.0287542 0.0287676 0.0232703 0.0232649 0.0305931 0.0214428 0.0533412 0.0615217 0.0287742 0.0344013 0.0288155 0.0232665 0.0251070 
PP269970.1|Viet_Nam|NA|NA|Dengue_3|2014-02-25|2014.15068493151                  0.0223604 0.0401781 0.0321125 0.0302927 0.0463992 0.0189686 0.0447553 0.0259254 0.0294629 0.0321369 0.0288312 0.0328411 0.0052837 0.0000000 0.0203330 0.0206260 0.2628716 0.0060427 0.0265213 0.0188957 0.2459623 0.2463274 0.2534841 0.2413349 0.2467678 0.2339409 0.2589959 0.3027729 0.2663155 0.2547519 0.2497854 0.0494459 0.2690778 0.1314485 0.2390228 0.1080850 0.2414401 0.2541791 0.2557867 0.2494053 0.2526722 0.0683468 0.0740302 0.0817518 0.2756900 0.2632982 0.2494211 0.2658181 0.2381481 0.2545141 0.2470985 0.2547466 0.1407212 0.2671643 0.2496700 0.2702692 0.2471345 0.2700557 0.2521179 0.2583232 0.0917698 0.2564002 0.2388033 0.2474195 0.2439474 0.2490326 0.2437335 0.2526218 0.2281762 0.2338263 0.2577761 0.0683840 0.2665630 0.2609313 0.2499826 0.1428185 0.2685009 0.0703113 0.0259041 0.0348098 0.1548634 0.2717571 0.2360137 0.2665629 0.2588138 0.2379598 0.2518316 0.2572464 0.2651992 0.2492426 0.2496536 0.2443880 0.0722585 0.2641512 0.2571698 0.2562679 0.2576124 0.0604995 0.2613757 0.2522747 0.2419309 0.0348178 0.2445653 0.2422083 0.0567526 0.2546317 0.1314391 0.2655938 0.2666855 0.2558250 0.2664522 0.2414548 0.0531031 0.0549406 0.0588988 0.0513549 0.0294598 0.2493435 0.0512629 0.0587368 0.0549957 0.2309598 0.2562148 0.2562148 0.2527425 0.2527425 0.0312079 0.0643816 0.0294545 0.0312234 0.0625857 0.0720625 0.0531196 0.0720625 0.0329979 0.0276748 0.0241438 0.0329979 0.0330128 0.0294598 0.0276748 0.0347806 0.0276797 0.0605840 0.0666790 0.0330202 0.0384857 0.0330663 0.0276766 0.0294643 
PP269957.1|Viet_Nam|NA|NA|Dengue_3|2013-01-24|2013.06301369863                  0.0060113 0.0297994 0.0161676 0.0141179 0.0297387 0.0036481 0.0286569 0.0147320 0.0184682 0.0161795 0.0157627 0.0161848 0.0131752 0.0203330 0.0000000 0.0091536 0.2498664 0.0224726 0.0100555 0.0073182 0.2464579 0.2295554 0.2426259 0.2328762 0.2386071 0.2224065 0.2514767 0.2946126 0.2653620 0.2383290 0.2419468 0.0376251 0.2532647 0.1175526 0.2274703 0.1015500 0.2300509 0.2469086 0.2560645 0.2498174 0.2389637 0.0636166 0.0595093 0.0676487 0.2610843 0.2617905 0.2498344 0.2674790 0.2294098 0.2527313 0.2386771 0.2413196 0.1295662 0.2691306 0.2359618 0.2696108 0.2475422 0.2664416 0.2527313 0.2551166 0.0886532 0.2575333 0.2331275 0.2394256 0.2386070 0.2440298 0.2383830 0.2478326 0.2245425 0.2277779 0.2543446 0.0575795 0.2637877 0.2450329 0.2449690 0.1317916 0.2565682 0.0596138 0.0128557 0.0203391 0.1537296 0.2652328 0.2273789 0.2530592 0.2544203 0.2321807 0.2382701 0.2498486 0.2642146 0.2355430 0.2448005 0.2331218 0.0596254 0.2522685 0.2450178 0.2573584 0.2541714 0.0473400 0.2582025 0.2475993 0.2365606 0.0241235 0.2333038 0.2367304 0.0434054 0.2470714 0.1175437 0.2616367 0.2628510 0.2571022 0.2536565 0.2300482 0.0414917 0.0434349 0.0475642 0.0435280 0.0184663 0.2438216 0.0376113 0.0434141 0.0434971 0.2330612 0.2555719 0.2555719 0.2518110 0.2518110 0.0203238 0.0533881 0.0222346 0.0203344 0.0494725 0.0574535 0.0415063 0.0574535 0.0222116 0.0203448 0.0110070 0.0222116 0.0222221 0.0184663 0.0165865 0.0240964 0.0165897 0.0454339 0.0577737 0.0222272 0.0279779 0.0222598 0.0165877 0.0184692 
PP269976.1|Viet_Nam|NA|NA|Dengue_3|2015-03-25|2015.22739726027                  0.0039995 0.0294261 0.0178419 0.0159571 0.0312263 0.0085447 0.0301337 0.0154150 0.0188917 0.0178548 0.0171257 0.0182414 0.0142005 0.0206260 0.0091536 0.0000000 0.2417772 0.0245612 0.0080282 0.0016910 0.2408166 0.2258012 0.2431371 0.2313875 0.2361385 0.2185913 0.2428330 0.2855672 0.2609663 0.2339220 0.2392727 0.0348711 0.2477226 0.1103860 0.2238568 0.0978876 0.2236402 0.2386255 0.2556460 0.2492711 0.2371677 0.0588527 0.0588059 0.0663325 0.2596190 0.2631508 0.2492868 0.2656670 0.2230656 0.2492868 0.2317346 0.2392348 0.1192236 0.2590405 0.2342536 0.2649215 0.2419524 0.2618902 0.2519811 0.2426685 0.0818743 0.2484126 0.2285016 0.2369330 0.2335612 0.2385685 0.2333577 0.2420496 0.2180725 0.2236023 0.2421693 0.0532830 0.2507111 0.2452212 0.2394627 0.1212595 0.2525424 0.0551572 0.0154026 0.0241454 0.1434865 0.2608510 0.2257693 0.2507261 0.2480945 0.2275916 0.2364033 0.2466337 0.2543270 0.2338678 0.2341573 0.2290910 0.0570486 0.2541964 0.2472870 0.2457116 0.2420209 0.0456739 0.2456300 0.2367202 0.2266105 0.0206320 0.2292579 0.2318091 0.0420236 0.2440605 0.1103782 0.2546962 0.2585857 0.2532715 0.2554340 0.2262499 0.0384473 0.0438935 0.0440448 0.0403235 0.0154044 0.2390077 0.0366510 0.0476063 0.0421057 0.2229843 0.2427108 0.2427108 0.2393448 0.2393448 0.0206174 0.0494301 0.0223946 0.0206274 0.0476571 0.0568990 0.0384600 0.0568990 0.0223731 0.0206371 0.0136725 0.0223731 0.0223829 0.0154044 0.0171408 0.0241256 0.0136700 0.0457344 0.0534486 0.0223877 0.0277328 0.0224183 0.0171419 0.0188926 
OR875976.1|Indonesia|NA|NA|Dengue_3|2022-11-15|2022.87123287671                 0.2613988 0.2413076 0.2545915 0.2567966 0.2476869 0.2474181 0.2660775 0.2448530 0.2550354 0.2670179 0.2512954 0.2646201 0.2581497 0.2628716 0.2498664 0.2417772 0.0000000 0.2729298 0.2677813 0.2445514 0.2652611 0.0259339 0.0897490 0.0976986 0.2636867 0.2691403 0.2626430 0.0656460 0.2827452 0.0277497 0.2747094 0.2424012 0.0331581 0.2584856 0.0683647 0.2852782 0.0313029 0.2599030 0.2886940 0.2817421 0.0820384 0.2429015 0.2348420 0.2585752 0.2873119 0.2966172 0.2817607 0.2877845 0.0494467 0.2817607 0.0818765 0.0838067 0.2679495 0.2811739 0.0799405 0.3046793 0.2690713 0.2849070 0.2846394 0.1298637 0.2590176 0.2757393 0.2630614 0.2694100 0.2711462 0.2738220 0.2597492 0.2691981 0.2545343 0.2550697 0.1254508 0.2485412 0.1320982 0.0839443 0.2714040 0.2651367 0.2808604 0.2512901 0.2443281 0.2527776 0.3502919 0.2949952 0.2656529 0.0822295 0.2757116 0.2653716 0.0740934 0.2817584 0.2939861 0.0721770 0.2552949 0.0760546 0.2474934 0.0675661 0.0624866 0.2574919 0.1295957 0.2683237 0.1279197 0.2552273 0.2528587 0.2414391 0.0627605 0.2583744 0.2521469 0.2738662 0.2532506 0.2974323 0.2868010 0.2811708 0.2895100 0.0550932 0.2471206 0.2337780 0.2540201 0.2531336 0.2389992 0.0682598 0.2474934 0.2501279 0.2502594 0.2386580 0.1212774 0.1235165 0.1188303 0.1188303 0.2414515 0.2639831 0.2445916 0.2339181 0.2390042 0.2320245 0.2556098 0.2320245 0.2414515 0.2418913 0.2468841 0.2414515 0.2312704 0.2389992 0.2338856 0.2439785 0.2363298 0.2469676 0.2631484 0.2364065 0.2425720 0.2396082 0.2416327 0.2390926 
PP269975.1|Viet_Nam|NA|NA|Dengue_3|2013-10-15|2013.78630136986                  0.0245722 0.0501773 0.0351139 0.0329790 0.0497767 0.0224726 0.0481377 0.0309023 0.0330055 0.0351415 0.0329923 0.0330206 0.0080711 0.0060427 0.0224726 0.0245612 0.2729298 0.0000000 0.0287722 0.0224985 0.2381200 0.2528884 0.2585139 0.2439073 0.2449970 0.2329836 0.2722491 0.3217966 0.2581131 0.2629918 0.2392679 0.0547572 0.2802482 0.1337523 0.2472295 0.1105068 0.2502764 0.2634539 0.2515107 0.2484949 0.2541825 0.0682409 0.0704092 0.0797297 0.2730963 0.2617353 0.2485135 0.2680429 0.2431112 0.2577910 0.2567232 0.2662950 0.1475027 0.2642830 0.2569356 0.2571505 0.2516510 0.2624673 0.2485135 0.2578614 0.0961070 0.2581237 0.2387501 0.2488334 0.2448576 0.2509026 0.2444670 0.2582650 0.2293015 0.2359055 0.2570020 0.0729886 0.2674056 0.2633153 0.2422069 0.1500189 0.2743207 0.0752986 0.0308720 0.0372529 0.1696985 0.2675482 0.2323396 0.2667488 0.2690364 0.2340023 0.2533436 0.2543896 0.2802069 0.2502711 0.2611259 0.2536747 0.0730039 0.2742957 0.2663049 0.2627285 0.2535513 0.0680253 0.2645581 0.2581538 0.2479685 0.0394026 0.2477414 0.2458174 0.0635312 0.2451287 0.1337409 0.2770703 0.2585484 0.2458685 0.2650639 0.2432067 0.0613730 0.0613329 0.0683991 0.0592884 0.0330012 0.2565114 0.0569549 0.0635466 0.0614371 0.2357114 0.2550749 0.2550749 0.2509440 0.2509440 0.0372206 0.0749861 0.0351254 0.0372428 0.0637779 0.0680956 0.0590390 0.0680956 0.0393683 0.0329923 0.0266703 0.0393683 0.0393897 0.0330012 0.0329923 0.0415055 0.0308762 0.0636238 0.0778493 0.0394005 0.0459811 0.0394666 0.0329949 0.0330055 
PP269977.1|Viet_Nam|NA|NA|Dengue_3|2015-08-24|2015.64383561644                  0.0080316 0.0370275 0.0223609 0.0202864 0.0363357 0.0100555 0.0350060 0.0182488 0.0223752 0.0223777 0.0202942 0.0223851 0.0202891 0.0265213 0.0100555 0.0080282 0.2677813 0.0287722 0.0000000 0.0060170 0.2456070 0.2480421 0.2600879 0.2454864 0.2398689 0.2281426 0.2605203 0.3231471 0.2631844 0.2579921 0.2436479 0.0371411 0.2749786 0.1203533 0.2424481 0.1001502 0.2486463 0.2521300 0.2523597 0.2493674 0.2492907 0.0633359 0.0566064 0.0656217 0.2554825 0.2625065 0.2493859 0.2687701 0.2446869 0.2525624 0.2518081 0.2612455 0.1336221 0.2621557 0.2520127 0.2583107 0.2528458 0.2636085 0.2493859 0.2659800 0.0907841 0.2560625 0.2400113 0.2500458 0.2460864 0.2520977 0.2456960 0.2594253 0.2245491 0.2310241 0.2650839 0.0590521 0.2755956 0.2622444 0.2409256 0.1360761 0.2626730 0.0612903 0.0182312 0.0244408 0.1601646 0.2660900 0.2336317 0.2715592 0.2701405 0.2291238 0.2484813 0.2492211 0.2812495 0.2454497 0.2498186 0.2487998 0.0590647 0.2761639 0.2682110 0.2574487 0.2615960 0.0499742 0.2694097 0.2469118 0.2370074 0.0265304 0.2493133 0.2470467 0.0456404 0.2432309 0.1203432 0.2781327 0.2597081 0.2534515 0.2662110 0.2447830 0.0435360 0.0478461 0.0502356 0.0457825 0.0202996 0.2641952 0.0392660 0.0500025 0.0457467 0.2337946 0.2670769 0.2670769 0.2628446 0.2628446 0.0244204 0.0566479 0.0265385 0.0244345 0.0501398 0.0543705 0.0413171 0.0543705 0.0265080 0.0244484 0.0141355 0.0265080 0.0265219 0.0202996 0.0202942 0.0285910 0.0182337 0.0457027 0.0615153 0.0265287 0.0329015 0.0265718 0.0202958 0.0203020 
PP269971.1|Viet_Nam|NA|NA|Dengue_3|2014-10-14|2014.78356164384                  0.0019984 0.0276784 0.0158483 0.0139525 0.0291234 0.0068317 0.0281052 0.0136943 0.0171638 0.0158598 0.0152131 0.0162030 0.0124174 0.0188957 0.0073182 0.0016910 0.2445514 0.0224985 0.0060170 0.0000000 0.2385359 0.2284939 0.2459830 0.2341126 0.2338216 0.2163593 0.2404699 0.2886586 0.2586172 0.2334936 0.2369847 0.0331071 0.2505333 0.1084400 0.2265489 0.0959758 0.2263271 0.2363462 0.2533114 0.2469633 0.2399281 0.0570328 0.0569875 0.0644983 0.2572865 0.2608019 0.2469789 0.2632929 0.2257427 0.2469789 0.2344667 0.2419979 0.1172476 0.2566878 0.2369966 0.2625770 0.2396570 0.2595287 0.2496657 0.2454589 0.0800021 0.2460871 0.2262465 0.2346480 0.2312937 0.2362901 0.2310923 0.2397521 0.2158483 0.2213585 0.2449510 0.0514740 0.2535415 0.2480230 0.2371734 0.1192800 0.2502190 0.0533437 0.0136827 0.0224071 0.1414089 0.2585044 0.2235235 0.2535541 0.2457728 0.2253214 0.2391499 0.2443327 0.2519800 0.2366033 0.2318820 0.2318096 0.0552303 0.2576743 0.2507339 0.2434216 0.2447999 0.0438901 0.2484383 0.2344390 0.2243532 0.0189012 0.2319784 0.2295369 0.0402478 0.2417654 0.1084324 0.2523444 0.2562392 0.2509385 0.2530572 0.2289505 0.0366770 0.0421116 0.0422562 0.0385463 0.0136842 0.2417670 0.0348842 0.0458144 0.0403262 0.2204464 0.2454113 0.2454113 0.2420239 0.2420239 0.0188878 0.0476349 0.0206594 0.0188970 0.0458631 0.0550859 0.0366892 0.0550859 0.0206396 0.0189059 0.0119557 0.0206396 0.0206486 0.0136842 0.0154172 0.0223889 0.0119535 0.0439479 0.0516335 0.0206530 0.0259836 0.0206811 0.0154182 0.0171646 
PP234925.1|Philippines|NA|NA|Dengue_3|2018-07-01|2018.49589041096               0.2395282 0.2456365 0.2304662 0.2295643 0.2294648 0.2400303 0.2370728 0.2283886 0.2381656 0.2361911 0.2303868 0.2363944 0.2389898 0.2459623 0.2464579 0.2408166 0.2652611 0.2381200 0.2456070 0.2385359 0.0000000 0.2565273 0.2896616 0.2843587 0.0483586 0.0475367 0.1656809 0.3296500 0.1531922 0.2598663 0.0294992 0.2209890 0.2689945 0.2288107 0.2597881 0.2528021 0.2567599 0.1484279 0.1669428 0.1572934 0.2686043 0.2265801 0.2161799 0.2496000 0.1707314 0.1642769 0.1573022 0.1679088 0.2485005 0.1618350 0.2734348 0.2813343 0.2322738 0.1537973 0.2760963 0.1639260 0.1510107 0.1493736 0.1550543 0.2390684 0.2367244 0.1492816 0.0438518 0.0494185 0.0475063 0.0475118 0.0777501 0.0531085 0.1445576 0.1403758 0.2332844 0.2293452 0.2416354 0.2878701 0.1530852 0.2346477 0.1487208 0.2319597 0.2435974 0.2357108 0.3368137 0.1740870 0.0384004 0.2742831 0.0645257 0.0477763 0.2621204 0.1595591 0.0762483 0.2594975 0.1486958 0.2706081 0.2320063 0.2605695 0.2536240 0.1223313 0.2381685 0.2456856 0.2366466 0.1465813 0.1421794 0.2357754 0.2523339 0.0494328 0.2355244 0.1574131 0.2287935 0.0743122 0.1468967 0.1426397 0.0654451 0.2411027 0.2153479 0.2179107 0.2267432 0.2285864 0.2281994 0.2510937 0.2284317 0.2387862 0.2233152 0.1245864 0.2472710 0.2472710 0.2410730 0.2410730 0.2355244 0.2465007 0.2333367 0.2281683 0.2238563 0.2135108 0.2335456 0.2135108 0.2355244 0.2307308 0.2408166 0.2355244 0.2255865 0.2281994 0.2281372 0.2379911 0.2256172 0.2253948 0.2377453 0.2358037 0.2311008 0.2337057 0.2356962 0.2332167 
PP087306.1|India|NA|NA|Dengue_3|2017-12-10|2017.9397260274                      0.2418725 0.2253800 0.2356814 0.2376970 0.2282858 0.2286637 0.2468770 0.2287643 0.2386912 0.2477022 0.2331869 0.2449817 0.2411658 0.2463274 0.2295554 0.2258012 0.0259339 0.2528884 0.2480421 0.2284939 0.2565273 0.0000000 0.0736015 0.0796911 0.2572649 0.2655409 0.2643836 0.0484136 0.2765356 0.0085111 0.2710578 0.2313585 0.0137000 0.2363699 0.0475906 0.2732277 0.0050897 0.2643633 0.2881798 0.2812495 0.0607019 0.2318243 0.2239402 0.2471897 0.2918409 0.2960820 0.2812680 0.2872705 0.0258979 0.2812680 0.0605875 0.0624507 0.2507982 0.2746062 0.0587224 0.2978293 0.2735764 0.2840338 0.2841387 0.1126722 0.2475993 0.2692443 0.2595288 0.2686163 0.2675404 0.2701925 0.2562555 0.2684061 0.2589793 0.2595265 0.1084173 0.2373298 0.1148226 0.0663567 0.2653381 0.2480768 0.2800114 0.2400172 0.2282879 0.2466314 0.3360622 0.2940768 0.2620983 0.0665427 0.2748855 0.2617831 0.0568110 0.2809120 0.2930654 0.0549545 0.2597574 0.0549868 0.2363556 0.0597830 0.0547814 0.2512982 0.1124486 0.2516268 0.1107640 0.2596871 0.2573194 0.2307241 0.0458108 0.2576316 0.2463117 0.2730556 0.2313220 0.2964918 0.2859218 0.2803192 0.2856419 0.0312680 0.2360086 0.2229528 0.2426871 0.2418639 0.2231132 0.0493660 0.2390259 0.2497141 0.2390593 0.2351978 0.1099687 0.1121552 0.1075996 0.1075996 0.2255088 0.2576736 0.2285230 0.2181609 0.2280688 0.2211919 0.2443000 0.2211919 0.2255088 0.2259026 0.2307796 0.2255088 0.2155904 0.2231132 0.2181310 0.2279734 0.2205219 0.2358668 0.2515769 0.2257732 0.2265166 0.2236598 0.2256720 0.2180355 
OR364401.1|China|Guangzhou|NA|Dengue_3|2023-06-20|2023.46575342466              0.2602645 0.2400377 0.2596509 0.2619662 0.2493380 0.2461577 0.2649122 0.2462947 0.2567396 0.2658699 0.2558874 0.2635684 0.2543132 0.2534841 0.2426259 0.2431371 0.0897490 0.2585139 0.2600879 0.2459830 0.2896616 0.0736015 0.0000000 0.0210607 0.2732237 0.2790829 0.2981331 0.1102235 0.2964069 0.0737420 0.2878288 0.2437813 0.0858329 0.2405644 0.0337112 0.2675049 0.0717394 0.2873511 0.3149319 0.3073876 0.0467256 0.2442978 0.2332986 0.2522029 0.3104899 0.3170557 0.3074090 0.3140891 0.0677772 0.3074090 0.0318827 0.0246396 0.2583134 0.2884582 0.0228514 0.3188106 0.2940980 0.3107059 0.3104825 0.1307621 0.2523316 0.2828596 0.2670085 0.2764592 0.2753050 0.2780503 0.2579615 0.2820887 0.2836077 0.2783965 0.1305460 0.2500701 0.1374022 0.0374297 0.2964713 0.2554871 0.2941067 0.2528915 0.2513095 0.2597606 0.3354104 0.3150095 0.2754323 0.0820651 0.2829868 0.2694203 0.0503586 0.3009253 0.2933794 0.0484878 0.2908434 0.0264482 0.2489876 0.0778957 0.0727300 0.2720508 0.1304860 0.2649770 0.1330136 0.2879383 0.2823304 0.2427877 0.0563476 0.2650714 0.2594041 0.2926705 0.2380794 0.2968975 0.3097024 0.3005041 0.2945270 0.0639571 0.2458377 0.2376438 0.2500701 0.2519741 0.2402868 0.0735228 0.2518064 0.2576490 0.2518428 0.2606305 0.1190454 0.1212751 0.1210595 0.1210595 0.2428009 0.2655993 0.2405146 0.2350777 0.2402769 0.2304253 0.2573334 0.2304253 0.2428009 0.2377724 0.2483744 0.2428009 0.2377910 0.2402868 0.2350443 0.2453920 0.2375492 0.2512371 0.2650908 0.2431055 0.2439576 0.2384442 0.2429879 0.2376438 
OR364402.1|China|Guangzhou|NA|Dengue_3|2023-06-15|2023.45205479452              0.2456424 0.2309490 0.2453557 0.2474706 0.2350073 0.2342832 0.2504406 0.2343941 0.2444255 0.2512881 0.2423064 0.2487811 0.2416860 0.2413349 0.2328762 0.2313875 0.0976986 0.2439073 0.2454864 0.2341126 0.2843587 0.0796911 0.0210607 0.0000000 0.2686851 0.2769365 0.2882904 0.1141566 0.2967375 0.0817805 0.2825611 0.2319705 0.0918146 0.2367332 0.0329759 0.2573916 0.0778568 0.2794012 0.3148532 0.3074770 0.0456919 0.2324395 0.2245234 0.2427304 0.3076985 0.3169295 0.3074979 0.3140290 0.0739316 0.3074979 0.0311886 0.0294125 0.2511974 0.2889621 0.0258839 0.3186456 0.2940518 0.3107221 0.3105034 0.1276895 0.2428487 0.2834838 0.2651762 0.2743786 0.2732639 0.2759401 0.2563595 0.2798637 0.2784980 0.2791106 0.1274842 0.2406519 0.1341531 0.0366092 0.2909415 0.2484694 0.2944883 0.2433642 0.2392197 0.2473055 0.3303808 0.3149290 0.2733867 0.0821425 0.2865213 0.2675085 0.0455987 0.3011561 0.2908342 0.0437815 0.2800788 0.0258753 0.2396537 0.0830787 0.0778727 0.2728954 0.1232420 0.2575051 0.1257498 0.2853899 0.2772263 0.2310739 0.0569606 0.2688814 0.2469833 0.2930809 0.2316743 0.2942524 0.3125827 0.3007466 0.2887056 0.0682339 0.2366378 0.2287505 0.2433486 0.2425193 0.2286642 0.0797209 0.2396689 0.2452493 0.2397024 0.2548443 0.1234018 0.1256476 0.1209435 0.1209435 0.2260953 0.2448826 0.2288686 0.2236598 0.2312871 0.2217637 0.2449650 0.2217637 0.2260953 0.2262424 0.2364182 0.2260953 0.2262596 0.2286642 0.2236290 0.2285693 0.2260420 0.2418390 0.2604962 0.2313585 0.2321312 0.2268512 0.2312528 0.2235292 
OQ579393.1|Philippines|NA|NA|Dengue_3|2015-08-15|2015.61917808219               0.2400205 0.2384709 0.2307285 0.2298067 0.2357950 0.2353079 0.2374960 0.2235375 0.2334532 0.2365913 0.2306366 0.2368084 0.2396606 0.2467678 0.2386071 0.2361385 0.2636867 0.2449970 0.2398689 0.2338216 0.0483586 0.2572649 0.2732237 0.2686851 0.0000000 0.0209885 0.1740093 0.3280222 0.1634167 0.2580026 0.0281957 0.2212323 0.2700163 0.2135503 0.2497237 0.2590339 0.2631339 0.1538573 0.1729372 0.1629780 0.2638985 0.2373546 0.2111619 0.2342365 0.1768118 0.1701765 0.1629874 0.1787633 0.2490634 0.1722014 0.2577934 0.2629994 0.2247864 0.1546485 0.2604503 0.1604802 0.1543098 0.1501387 0.1653212 0.2342742 0.2478981 0.1501789 0.0281511 0.0336356 0.0317678 0.0317714 0.0616612 0.0409821 0.1408535 0.1410901 0.2284266 0.2271152 0.2368771 0.2664014 0.1586564 0.2271887 0.1541698 0.2297755 0.2389527 0.2309629 0.3310786 0.1801340 0.0156517 0.2671291 0.0523182 0.0282976 0.2576671 0.1606635 0.0600832 0.2550046 0.1541436 0.2549847 0.2298227 0.2402605 0.2334845 0.1312722 0.2333832 0.2413587 0.2367768 0.1497475 0.1474427 0.2310273 0.2505060 0.0373156 0.2360905 0.1584734 0.2161088 0.0581685 0.1454021 0.1432748 0.0447488 0.2387940 0.2103411 0.2129342 0.2192396 0.2237318 0.2233491 0.2432206 0.2288397 0.2394285 0.2236095 0.1225855 0.2453756 0.2453756 0.2391760 0.2391760 0.2307782 0.2418905 0.2285523 0.2233181 0.2215343 0.2084645 0.2287602 0.2084645 0.2307782 0.2259133 0.2361385 0.2307782 0.2259306 0.2233491 0.2232871 0.2332803 0.2207347 0.2205145 0.2356749 0.2310544 0.2262804 0.2289180 0.2309484 0.2257971 
