195
PP269726.1|Viet_Nam|NA|NA|Dengue_1|2015-11-27|2015.90410958904                                                       0.0000000 0.0221015 0.0186521 0.0273851 0.0343701 0.0221422 0.0220978 0.3152742 0.3216859 0.0255954 0.0361354 0.0238752 0.0290843 0.0451398 0.0399925 0.0135183 0.0273765 0.0186677 0.0160213 0.0152116 0.0152116 0.0397699 0.0186517 0.0169192 0.0345184 0.0169203 0.0203654 0.0221136 0.0117917 0.0291105 0.0134997 0.0100947 0.0256382 0.0290878 0.0487349 0.0290836 0.0291765 0.0256071 0.0415778 0.0290885 0.0433110 0.0451932 0.0308739 0.3247383 0.0239031 0.0239031 0.0203794 0.0398506 0.0273379 0.0308444 0.0273334 0.0221141 0.0221057 0.0221146 0.0203799 0.0203799 0.0221067 0.0256319 0.0309227 0.0203794 0.0256880 0.0273583 0.0256519 0.0886830 0.3037819 0.3326647 0.3199941 0.0309094 0.0273790 0.0291275 0.0238437 0.0255880 0.2925324 0.2869427 0.3164157 0.0308588 0.3160423 0.0963372 0.0846447 0.1177061 0.3104331 0.0580631 0.0361678 0.0635923 0.0846066 0.0987055 0.0963843 0.0846786 0.3269595 0.0710550 0.0616654 0.0308871 0.0712032 0.0711414 0.0714945 0.0892324 0.0674057 0.0941990 0.0826372 0.0732533 0.0636847 0.0887121 0.2986696 0.0787750 0.3226606 0.0676827 0.0238489 0.0712435 0.2752769 0.3337159 0.2918895 0.3373838 0.0963995 0.0637454 0.0581542 0.0291290 0.3167979 0.2917924 0.1098016 0.2934415 0.0809374 0.2977478 0.0750387 0.2777659 0.0712856 0.0730450 0.0826821 0.3421120 0.0616618 0.0807739 0.3093650 0.0676827 0.0809841 0.0711855 0.0713909 0.0655357 0.0692292 0.0716193 0.0730001 0.0845558 0.0807170 0.0693644 0.0828613 0.0543629 0.0808091 0.3019828 0.0344846 0.0787263 0.0653261 0.0579424 0.2978785 0.2921112 0.2915493 0.0546205 0.3155781 0.0695026 0.0436165 0.0930442 0.0772115 0.0711604 0.0693686 0.0769914 0.2959860 0.0807148 0.0767658 0.0749635 0.3167979 0.3238793 0.0850263 0.0326547 0.3021062 0.3046583 0.2930881 0.2827881 0.0885835 0.0636530 0.0674006 0.0597839 0.0827495 0.0789088 0.0788949 0.0847139 0.0789088 0.0772063 0.0846968 0.0728716 0.0789088 0.0561360 0.0221046 0.0888999 0.0344284 0.0238747 0.0344284 0.0238747 0.0638262 
PP269731.1|Viet_Nam|NA|NA|Dengue_1|2015-12-16|2015.95616438356                                                       0.0221015 0.0000000 0.0134937 0.0186661 0.0361089 0.0135102 0.0134837 0.3026072 0.3149682 0.0273171 0.0343212 0.0221107 0.0308125 0.0432840 0.0417555 0.0152166 0.0291040 0.0203763 0.0180403 0.0067041 0.0134859 0.0415225 0.0169113 0.0117813 0.0362650 0.0186228 0.0151935 0.0134931 0.0169085 0.0308402 0.0083932 0.0151989 0.0169462 0.0238269 0.0468640 0.0238235 0.0204180 0.0203767 0.0433348 0.0238274 0.0450688 0.0469581 0.0221066 0.3179783 0.0186810 0.0186810 0.0117876 0.0309153 0.0255606 0.0290523 0.0255564 0.0134934 0.0134884 0.0134937 0.0117878 0.0117878 0.0169152 0.0169420 0.0256304 0.0117876 0.0204404 0.0221102 0.0204119 0.0827121 0.3031649 0.3257525 0.3223598 0.0221313 0.0186621 0.0203845 0.0220943 0.0203617 0.2948666 0.2835266 0.3187719 0.0220959 0.3033188 0.0902912 0.0787314 0.1154711 0.3127794 0.0561443 0.0379114 0.0653957 0.0825621 0.0965832 0.0982580 0.0805528 0.3294758 0.0728734 0.0672190 0.0361740 0.0692223 0.0729612 0.0695041 0.0871486 0.0654433 0.0921119 0.0806042 0.0712587 0.0617387 0.0827396 0.3009959 0.0767608 0.3250273 0.0657109 0.0255668 0.0692613 0.2690928 0.3267640 0.2855005 0.3272555 0.0942962 0.0693364 0.0599508 0.0308599 0.3101178 0.2796603 0.1076016 0.2870671 0.0789055 0.2971525 0.0730386 0.2807350 0.0731095 0.0710572 0.0806466 0.3350652 0.0634604 0.0826156 0.2968286 0.0657109 0.0750996 0.0654312 0.0694039 0.0598833 0.0672601 0.0658239 0.0710147 0.0824567 0.0786390 0.0711834 0.0847108 0.0561485 0.0865501 0.3043178 0.0362295 0.0767134 0.0633797 0.0597329 0.3001959 0.2944186 0.2938522 0.0527092 0.3119408 0.0675252 0.0453870 0.0989303 0.0790526 0.0691812 0.0711878 0.0788269 0.2983097 0.0786909 0.0747629 0.0729661 0.3101178 0.3202108 0.0868852 0.0343929 0.3044433 0.3011297 0.2954066 0.2765310 0.0943956 0.0617081 0.0654384 0.0615779 0.0885087 0.0846344 0.0846194 0.0904928 0.0846344 0.0790472 0.0904745 0.0708893 0.0846344 0.0579230 0.0238183 0.0907663 0.0361703 0.0255945 0.0361703 0.0255945 0.0618752 
PP269725.1|Viet_Nam|NA|NA|Dengue_1|2015-11-11|2015.8602739726                                                        0.0186521 0.0134937 0.0000000 0.0186771 0.0325832 0.0135181 0.0134915 0.3000503 0.3124010 0.0238395 0.0308073 0.0221238 0.0273165 0.0397148 0.0381720 0.0118043 0.0256119 0.0169357 0.0160164 0.0067079 0.0100882 0.0343960 0.0134937 0.0083934 0.0327233 0.0151971 0.0117864 0.0135009 0.0134915 0.0255902 0.0050229 0.0117905 0.0169562 0.0238412 0.0432761 0.0238377 0.0169701 0.0135056 0.0397609 0.0238417 0.0414905 0.0433624 0.0221197 0.3154030 0.0152442 0.0152442 0.0117944 0.0309342 0.0255760 0.0290700 0.0255718 0.0135013 0.0100900 0.0135016 0.0117946 0.0117946 0.0134968 0.0169520 0.0186853 0.0117944 0.0169887 0.0152179 0.0169651 0.0827716 0.2946833 0.3231410 0.3167678 0.0221445 0.0186731 0.0169424 0.0221074 0.0203737 0.2894527 0.2725473 0.3072808 0.0221090 0.3007524 0.0903565 0.0787873 0.1073049 0.3013948 0.0524919 0.0343732 0.0616912 0.0787524 0.0926738 0.0943514 0.0785581 0.3234997 0.0691278 0.0635059 0.0326416 0.0617387 0.0692103 0.0657560 0.0832805 0.0617357 0.0882528 0.0768070 0.0637343 0.0580510 0.0827993 0.2955779 0.0729870 0.3194220 0.0619864 0.0220995 0.0655279 0.2666189 0.3241405 0.2829855 0.3277264 0.0904145 0.0655985 0.0562694 0.0273583 0.3075527 0.2771639 0.1035863 0.2788400 0.0751084 0.2887509 0.0692829 0.2769292 0.0693500 0.0673184 0.0768478 0.3324288 0.0597702 0.0788031 0.2884443 0.0619864 0.0751525 0.0654759 0.0618985 0.0562064 0.0598105 0.0658692 0.0635183 0.0825158 0.0786947 0.0636680 0.0770127 0.0524958 0.0827112 0.2930684 0.0326913 0.0729428 0.0596959 0.0560652 0.2948013 0.2890680 0.2885142 0.0490611 0.3064099 0.0637954 0.0417823 0.0949940 0.0714136 0.0654530 0.0636716 0.0750338 0.2929077 0.0749048 0.0710068 0.0692152 0.3075527 0.3146760 0.0791390 0.0308712 0.2931827 0.2957079 0.2900271 0.2740459 0.0905089 0.0580225 0.0617310 0.0579002 0.0846575 0.0808058 0.0807916 0.0866284 0.0808058 0.0714091 0.0866109 0.0671603 0.0808058 0.0542645 0.0203621 0.0829722 0.0326383 0.0221233 0.0326383 0.0221233 0.0581787 
PP269750.1|Viet_Nam|NA|NA|Dengue_1|2016-12-14|2016.95068493151                                                       0.0273851 0.0186661 0.0186771 0.0000000 0.0415513 0.0118237 0.0186630 0.3158306 0.3161697 0.0326591 0.0397401 0.0273966 0.0361933 0.0488159 0.0454768 0.0204241 0.0344737 0.0256415 0.0242070 0.0118090 0.0186661 0.0470381 0.0221313 0.0169417 0.0417332 0.0238602 0.0203927 0.0084080 0.0186630 0.0362263 0.0135175 0.0169452 0.0118266 0.0221297 0.0487759 0.0221266 0.0187203 0.0256421 0.0488745 0.0221302 0.0506207 0.0525431 0.0273915 0.3191997 0.0239356 0.0239356 0.0101055 0.0292043 0.0238618 0.0273496 0.0238579 0.0118090 0.0118046 0.0118093 0.0101058 0.0101058 0.0152267 0.0050221 0.0309657 0.0101055 0.0257233 0.0273959 0.0256870 0.0927226 0.3073200 0.3332738 0.3266556 0.0204331 0.0135315 0.0152423 0.0203990 0.0186687 0.2988716 0.2845359 0.3230183 0.0273782 0.3166029 0.1004305 0.0847241 0.1220303 0.3169557 0.0618473 0.0433789 0.0674165 0.0846860 0.1028361 0.1004801 0.0847617 0.3341316 0.0787781 0.0692475 0.0416272 0.0750929 0.0788759 0.0754029 0.0893179 0.0674659 0.0982655 0.0827143 0.0731037 0.0675156 0.0887965 0.3050372 0.0827222 0.3324381 0.0715594 0.0273662 0.0751357 0.2757205 0.3343307 0.2923780 0.3380119 0.1004957 0.0752182 0.0657121 0.0362495 0.3173563 0.2922803 0.1099136 0.2910133 0.0849145 0.3012366 0.0712808 0.2861192 0.0751804 0.0769460 0.0827592 0.3364117 0.0692441 0.0847412 0.3099041 0.0715594 0.0849631 0.0750735 0.0712454 0.0656372 0.0730982 0.0755358 0.0768983 0.0924277 0.0846223 0.0770847 0.0907965 0.0618521 0.0926528 0.3084020 0.0416921 0.0768741 0.0691545 0.0654689 0.3042150 0.2983734 0.2920258 0.0583945 0.3191641 0.0733877 0.0509815 0.1011714 0.0850750 0.0750468 0.0770899 0.0848290 0.3023242 0.0846786 0.0768351 0.0788806 0.3173563 0.3305429 0.0930160 0.0398243 0.2967593 0.3081388 0.2993885 0.2832503 0.1006036 0.0674816 0.0712586 0.0673356 0.0946383 0.0907137 0.0906976 0.0966508 0.0907137 0.0850688 0.0966311 0.0767618 0.0907137 0.0598999 0.0291174 0.0969471 0.0416231 0.0309217 0.0416231 0.0309217 0.0676667 
PP269785.1|Viet_Nam|NA|NA|Dengue_1|2017-06-28|2017.48767123288                                                       0.0343701 0.0361089 0.0325832 0.0415513 0.0000000 0.0361777 0.0361028 0.3037120 0.2927922 0.0326158 0.0325890 0.0308815 0.0220985 0.0379456 0.0363954 0.0273423 0.0204006 0.0291001 0.0200865 0.0290578 0.0290578 0.0118142 0.0325825 0.0307988 0.0274352 0.0308012 0.0343277 0.0361296 0.0290530 0.0152229 0.0273039 0.0273098 0.0397642 0.0396748 0.0451064 0.0396690 0.0415986 0.0397139 0.0379894 0.0396757 0.0397171 0.0415809 0.0451105 0.2957060 0.0379934 0.0379934 0.0343523 0.0543423 0.0414520 0.0450381 0.0414450 0.0361305 0.0361162 0.0361313 0.0343531 0.0343531 0.0361179 0.0397544 0.0451830 0.0343523 0.0398432 0.0415087 0.0397857 0.0808209 0.2927765 0.3031008 0.3140706 0.0451643 0.0415417 0.0433287 0.0378965 0.0361141 0.2782774 0.2762863 0.3046218 0.0450881 0.3044315 0.0884451 0.0768543 0.1014058 0.2987567 0.0506843 0.0361486 0.0561472 0.0692393 0.0867460 0.0884875 0.0725913 0.3142523 0.0672767 0.0616710 0.0308891 0.0636474 0.0635932 0.0601453 0.0774812 0.0636443 0.0824633 0.0673296 0.0618921 0.0525341 0.0847990 0.2929605 0.0635727 0.2997349 0.0564130 0.0273303 0.0674535 0.2591015 0.3040031 0.2753292 0.3074416 0.0845902 0.0600029 0.0544482 0.0362009 0.2880056 0.2806287 0.0995804 0.2769316 0.0732837 0.2810417 0.0712237 0.2772120 0.0637203 0.0580329 0.0673642 0.3121127 0.0579459 0.0730889 0.3038557 0.0564130 0.0694609 0.0598925 0.0600603 0.0580566 0.0579850 0.0640136 0.0616831 0.0767758 0.0729884 0.0618280 0.0751335 0.0506880 0.0769554 0.2962349 0.0309360 0.0672934 0.0541825 0.0505804 0.2921949 0.2864817 0.2887715 0.0472548 0.2812804 0.0582126 0.0436198 0.0890854 0.0733197 0.0598718 0.0618314 0.0693509 0.2902975 0.0654576 0.0579535 0.0635982 0.2880056 0.3002716 0.0772491 0.0291236 0.2992615 0.2711046 0.2874272 0.2609053 0.0846770 0.0561996 0.0636395 0.0523994 0.0788822 0.0750665 0.0788492 0.0808322 0.0750665 0.0695424 0.0769535 0.0615767 0.0750665 0.0524542 0.0152060 0.0771958 0.0308859 0.0203990 0.0308859 0.0203990 0.0563505 
PP269812.1|Viet_Nam|NA|NA|Dengue_1|2018-01-10|2018.02465753425                                                       0.0221422 0.0135102 0.0135181 0.0118237 0.0361777 0.0000000 0.0135080 0.3097531 0.3161697 0.0273680 0.0343863 0.0256427 0.0308704 0.0433680 0.0400264 0.0152442 0.0291586 0.0204137 0.0201262 0.0067159 0.0135102 0.0416028 0.0169420 0.0118025 0.0363344 0.0186568 0.0152210 0.0067158 0.0135080 0.0308983 0.0084082 0.0118049 0.0101210 0.0169409 0.0433325 0.0169385 0.0135490 0.0204141 0.0434190 0.0169413 0.0451566 0.0470502 0.0221473 0.3191997 0.0152229 0.0152229 0.0050288 0.0169392 0.0186581 0.0221139 0.0186551 0.0067159 0.0067135 0.0101062 0.0050289 0.0050289 0.0169460 0.0101185 0.0256782 0.0050288 0.0169647 0.0221509 0.0169413 0.0868016 0.3013166 0.3270342 0.3236037 0.0083967 0.0118212 0.0135271 0.0152257 0.0135122 0.2923318 0.2845359 0.3199900 0.0221366 0.3104987 0.0944429 0.0788984 0.1112310 0.3139585 0.0562570 0.0379840 0.0655299 0.0788634 0.0967978 0.0984765 0.0827254 0.3308448 0.0730245 0.0635923 0.0362430 0.0693658 0.0731137 0.0696489 0.0833999 0.0618196 0.0923131 0.0769147 0.0714074 0.0618644 0.0829172 0.3021004 0.0769217 0.3262875 0.0658465 0.0256143 0.0694050 0.2700284 0.3280573 0.2807421 0.3316860 0.0945039 0.0694804 0.0600725 0.0309180 0.3112927 0.2864369 0.1078494 0.2852114 0.0790733 0.2952976 0.0655928 0.2819726 0.0732627 0.0712050 0.0769556 0.3301395 0.0635888 0.0827925 0.3038836 0.0658465 0.0791194 0.0693489 0.0695482 0.0600047 0.0673987 0.0697700 0.0711613 0.0865293 0.0826767 0.0713318 0.0848935 0.0562612 0.0867373 0.3054444 0.0362988 0.0749561 0.0635077 0.0598526 0.3012919 0.2954794 0.2949078 0.0528145 0.3131205 0.0676649 0.0454762 0.0951335 0.0792211 0.0693245 0.0713363 0.0751389 0.2993985 0.0788567 0.0749186 0.0731186 0.3112927 0.3214314 0.0870741 0.0344583 0.2996851 0.3022356 0.2964776 0.2775055 0.0946038 0.0618336 0.0655727 0.0617018 0.0887012 0.0848167 0.0848017 0.0906906 0.0848167 0.0792157 0.0906722 0.0710363 0.0848167 0.0580397 0.0238624 0.0909654 0.0362394 0.0256421 0.0362394 0.0256421 0.0620015 
PP269799.1|Viet_Nam|NA|NA|Dengue_1|2017-08-22|2017.63835616438                                                       0.0220978 0.0134837 0.0134915 0.0186630 0.0361028 0.0135080 0.0000000 0.3085146 0.3148997 0.0273125 0.0343154 0.0255908 0.0308073 0.0396832 0.0417484 0.0152141 0.0290991 0.0203729 0.0180368 0.0067030 0.0134837 0.0415155 0.0169085 0.0117794 0.0362589 0.0186197 0.0151910 0.0134909 0.0169057 0.0308351 0.0083919 0.0151964 0.0169434 0.0238229 0.0468560 0.0238195 0.0204146 0.0203733 0.0433274 0.0238235 0.0450612 0.0469501 0.0117942 0.3179091 0.0186779 0.0186779 0.0117856 0.0273857 0.0255564 0.0290475 0.0255521 0.0134912 0.0134862 0.0134915 0.0117859 0.0117859 0.0169124 0.0169392 0.0256262 0.0117856 0.0204370 0.0221065 0.0204086 0.0865987 0.3030988 0.3256808 0.3166884 0.0221276 0.0186590 0.0203811 0.0220906 0.0203583 0.2890159 0.2781219 0.3131383 0.0117886 0.3092511 0.0903393 0.0825845 0.1154500 0.3071941 0.0561347 0.0379050 0.0653844 0.0825486 0.0965659 0.0943323 0.0825255 0.3234134 0.0728608 0.0672074 0.0361679 0.0692103 0.0729495 0.0694920 0.0871331 0.0654320 0.0920956 0.0805901 0.0674945 0.0617280 0.0827251 0.2955050 0.0767474 0.3249567 0.0656995 0.0255625 0.0692493 0.2690354 0.3266918 0.2854390 0.3245308 0.0942805 0.0693243 0.0599405 0.0308547 0.3100503 0.2853475 0.1075821 0.2870055 0.0788917 0.2970880 0.0692231 0.2768308 0.0730967 0.0710458 0.0806324 0.3349909 0.0634494 0.0826011 0.3026821 0.0656995 0.0789375 0.0673315 0.0656489 0.0598730 0.0672495 0.0696125 0.0710024 0.0863289 0.0824869 0.0711710 0.0846959 0.0561389 0.0826945 0.2987934 0.0362234 0.0767000 0.0633688 0.0597226 0.3001320 0.2943562 0.2937899 0.0527001 0.3118732 0.0675134 0.0453793 0.0949745 0.0790387 0.0691692 0.0711754 0.0788131 0.2928356 0.0748899 0.0747499 0.0729534 0.3100503 0.3201418 0.0868698 0.0343871 0.3043779 0.3010653 0.2899558 0.2764720 0.0904906 0.0616974 0.0654270 0.0615673 0.0846405 0.0807896 0.0807754 0.0866109 0.0807896 0.0790333 0.0865934 0.0708771 0.0807896 0.0579131 0.0238144 0.0907502 0.0361642 0.0255902 0.0361642 0.0255902 0.0618645 
PP087792.1|Taiwan|Yunlin|NA|Dengue_1|2023-06-15|2023.45205479452                                                     0.3152742 0.3026072 0.3000503 0.3158306 0.3037120 0.3097531 0.3085146 0.0000000 0.1240359 0.2975717 0.3117686 0.3042304 0.3062400 0.2962793 0.2966701 0.3037537 0.2968127 0.3068110 0.3056914 0.2970796 0.2972455 0.3073026 0.2941443 0.2915878 0.3097229 0.3031223 0.3085251 0.3089843 0.3059310 0.2981790 0.2970796 0.3031781 0.3128495 0.3179627 0.3242635 0.3179037 0.3226067 0.3068215 0.3219743 0.3123158 0.3240572 0.3281836 0.3155055 0.1179259 0.3044820 0.3044820 0.3000199 0.3165623 0.3207700 0.3205198 0.3264100 0.3089949 0.3087492 0.3090054 0.3000300 0.3059874 0.3117899 0.3127892 0.3045696 0.3000199 0.3082569 0.3038166 0.3074873 0.3042540 0.1143654 0.1182181 0.3148864 0.3067333 0.3069771 0.3067438 0.3151055 0.3120654 0.2966598 0.2104684 0.3212409 0.3178557 0.0379035 0.3151890 0.3039442 0.2801306 0.3151687 0.2750153 0.3082389 0.2947031 0.3062890 0.3194669 0.3194652 0.2937416 0.2470782 0.2965180 0.3055697 0.3024086 0.2830589 0.2887811 0.2819840 0.3067934 0.2830402 0.2883714 0.3031203 0.3044924 0.2748209 0.2837621 0.2973567 0.3000877 0.1784239 0.2762210 0.3096566 0.2766085 0.0825402 0.1122739 0.0941000 0.1184444 0.2971264 0.3027510 0.2925957 0.3130725 0.1018562 0.0431799 0.3501904 0.1022682 0.2935494 0.1002210 0.2831829 0.2852380 0.2900999 0.2890566 0.3062890 0.1222489 0.2912994 0.2989198 0.0432208 0.2762210 0.3046811 0.2889567 0.2959456 0.2889253 0.2857465 0.2933369 0.2913405 0.3146414 0.3145831 0.3009341 0.3104815 0.2887526 0.3111407 0.3066002 0.3032443 0.2883365 0.2935441 0.2741141 0.2961871 0.2904095 0.2626661 0.2764003 0.1678240 0.2870354 0.2762381 0.3312776 0.3112498 0.2946447 0.2954844 0.2992482 0.2946611 0.3032403 0.2883188 0.3004814 0.1058717 0.2994804 0.3147148 0.3054173 0.2981547 0.1711371 0.2917517 0.0900886 0.2997308 0.2761664 0.2946636 0.2966188 0.3081321 0.3083763 0.3083090 0.3056203 0.3083763 0.3085218 0.3171838 0.2733682 0.3024086 0.2880878 0.3004890 0.3234554 0.2964340 0.2908978 0.2964340 0.2908978 0.2961315 
PP234952.1|Philippines|NA|NA|Dengue_1|2019-07-01|2019.49589041096                                                    0.3216859 0.3149682 0.3124010 0.3161697 0.2927922 0.3161697 0.3148997 0.1240359 0.0000000 0.2926095 0.2951986 0.2991449 0.2952720 0.2856148 0.2975650 0.3101593 0.2947742 0.3132237 0.3205086 0.3034561 0.3036270 0.3021661 0.3064223 0.2979636 0.3028525 0.3039699 0.3093368 0.3153815 0.3123225 0.2965076 0.3034561 0.3095706 0.3192709 0.3243689 0.3072435 0.3243091 0.3228959 0.3076477 0.3049906 0.3187249 0.3070579 0.3109792 0.3098332 0.0083684 0.3169553 0.3169553 0.3123691 0.3168967 0.3271739 0.3330841 0.3328084 0.3153922 0.3151403 0.3094039 0.3064119 0.3123798 0.3066067 0.3192106 0.3114143 0.3123691 0.3208115 0.3106388 0.3199977 0.3171469 0.1020606 0.0360520 0.3429708 0.3071525 0.3190226 0.3101461 0.3215128 0.3184682 0.3091824 0.2120448 0.3370911 0.3242604 0.1284952 0.3159592 0.3103563 0.2818159 0.3309081 0.2760302 0.2914474 0.3014845 0.2953183 0.3171670 0.3085100 0.3228632 0.2569715 0.3092065 0.3008849 0.3062104 0.3074294 0.3014128 0.3036648 0.3046263 0.3074085 0.2922057 0.2926147 0.3057401 0.2989336 0.2963583 0.3127702 0.2950921 0.1846184 0.2977149 0.2981934 0.2975210 0.0671685 0.0343338 0.0745992 0.0486766 0.2980106 0.3099545 0.2993874 0.3106022 0.0254788 0.0998691 0.3416804 0.0785724 0.3059368 0.0804659 0.3075739 0.2970882 0.2941773 0.2958181 0.3011873 0.0413930 0.2922185 0.3113469 0.1200396 0.2977149 0.3055225 0.2957129 0.2972283 0.3015637 0.2924821 0.3061193 0.2980948 0.3098260 0.3093577 0.3077460 0.3205854 0.2955040 0.3067886 0.3222037 0.2981934 0.2778390 0.2772698 0.2807947 0.3234462 0.3174448 0.2821214 0.2889243 0.1671175 0.2937952 0.2744144 0.3205171 0.3181378 0.2955450 0.3022878 0.2916013 0.3100387 0.3013602 0.2892547 0.2954715 0.0289693 0.3144768 0.3216221 0.2945009 0.3070372 0.1704165 0.3070753 0.0745413 0.3069113 0.2771684 0.3073834 0.2975041 0.3038160 0.3040534 0.3095319 0.3013264 0.3040534 0.3154058 0.3067782 0.2743853 0.2981565 0.2948187 0.2896639 0.3303870 0.2973198 0.2860550 0.2973198 0.2860550 0.3029544 
PP269458.1|Viet_Nam|NA|NA|Dengue_1|2011-05-24|2011.39178082192                                                       0.0255954 0.0273171 0.0238395 0.0326591 0.0326158 0.0273680 0.0273125 0.2975717 0.2926095 0.0000000 0.0308380 0.0186781 0.0238480 0.0326256 0.0310549 0.0186659 0.0221468 0.0203967 0.0119753 0.0203676 0.0203676 0.0379987 0.0238389 0.0220876 0.0292115 0.0220891 0.0255644 0.0273323 0.0203642 0.0273680 0.0186401 0.0186440 0.0308974 0.0343671 0.0397225 0.0343621 0.0344730 0.0308594 0.0362198 0.0343679 0.0379456 0.0398010 0.0361741 0.2955195 0.0291491 0.0291491 0.0255822 0.0416248 0.0361309 0.0396875 0.0361248 0.0273330 0.0273224 0.0273336 0.0255828 0.0255828 0.0273237 0.0308898 0.0362315 0.0255822 0.0309579 0.0326267 0.0309140 0.0789251 0.2805967 0.3084763 0.3053604 0.0326591 0.0326518 0.0344146 0.0326030 0.0308363 0.2841551 0.2701574 0.3077802 0.0361563 0.2982642 0.0865303 0.0788181 0.1074266 0.3018797 0.0525460 0.0308655 0.0543267 0.0749912 0.0927095 0.0865715 0.0786461 0.3240724 0.0616779 0.0561256 0.0291391 0.0655602 0.0617510 0.0658253 0.0794630 0.0618003 0.0883482 0.0730584 0.0713842 0.0581114 0.0790059 0.2902759 0.0692603 0.3139367 0.0620514 0.0186577 0.0599674 0.2558826 0.3094019 0.2719845 0.3128740 0.0865857 0.0619039 0.0489529 0.0238844 0.2932714 0.2747440 0.0996295 0.2707786 0.0713583 0.2748028 0.0693564 0.2810506 0.0581761 0.0636236 0.0730967 0.3175472 0.0524368 0.0712175 0.2918214 0.0620514 0.0714009 0.0617894 0.0657311 0.0599472 0.0598729 0.0659387 0.0635850 0.0787363 0.0749356 0.0599878 0.0732526 0.0452374 0.0750714 0.2993467 0.0256656 0.0692174 0.0560519 0.0487779 0.2895219 0.2838315 0.2748830 0.0491115 0.3009977 0.0601083 0.0346223 0.0871550 0.0714415 0.0617680 0.0581277 0.0674887 0.2876215 0.0711667 0.0672951 0.0655090 0.2932714 0.3092591 0.0753569 0.0273786 0.2907661 0.2904023 0.2847628 0.2604505 0.0827704 0.0543772 0.0617957 0.0505921 0.0769924 0.0731874 0.0731746 0.0789361 0.0731874 0.0676744 0.0789203 0.0634740 0.0731874 0.0469938 0.0169305 0.0791696 0.0256246 0.0186776 0.0256246 0.0186776 0.0582393 
PP269473.1|Viet_Nam|NA|NA|Dengue_1|2012-08-07|2012.59726027397                                                       0.0361354 0.0343212 0.0308073 0.0397401 0.0325890 0.0343863 0.0343154 0.3117686 0.2951986 0.0308380 0.0000000 0.0291081 0.0238286 0.0361486 0.0345924 0.0290885 0.0221289 0.0290904 0.0262449 0.0272948 0.0272948 0.0379673 0.0308066 0.0290305 0.0291877 0.0290497 0.0325469 0.0308059 0.0308015 0.0273457 0.0255472 0.0290539 0.0343948 0.0450572 0.0151992 0.0450506 0.0415836 0.0379114 0.0118059 0.0450582 0.0134931 0.0152277 0.0414883 0.2981191 0.0361939 0.0361939 0.0325701 0.0524817 0.0468495 0.0504696 0.0468416 0.0343416 0.0343281 0.0343424 0.0325708 0.0325708 0.0343297 0.0379498 0.0433576 0.0325701 0.0380343 0.0361283 0.0379797 0.0827325 0.2948273 0.3055448 0.3225388 0.0433396 0.0397309 0.0415120 0.0432630 0.0414632 0.2950190 0.2840231 0.3189468 0.0432668 0.3125199 0.0864555 0.0787505 0.1073314 0.3129482 0.0525021 0.0343589 0.0579796 0.0749271 0.0926288 0.0904207 0.0725630 0.3296734 0.0653704 0.0597858 0.0326474 0.0580239 0.0616989 0.0619991 0.0793946 0.0617482 0.0882728 0.0729961 0.0675220 0.0543582 0.0867253 0.3011529 0.0692015 0.3076356 0.0582550 0.0255718 0.0617857 0.2611482 0.3064574 0.2773773 0.3099087 0.0865109 0.0656120 0.0525836 0.0344083 0.2904107 0.2884577 0.1015741 0.2789690 0.0693952 0.2888894 0.0655166 0.2887514 0.0655799 0.0635699 0.0730344 0.3085382 0.0597822 0.0749749 0.3059006 0.0582550 0.0713400 0.0617373 0.0656755 0.0598968 0.0598225 0.0658828 0.0635313 0.0786698 0.0748715 0.0636811 0.0770294 0.0488404 0.0827295 0.3044783 0.0291593 0.0654296 0.0523612 0.0523942 0.3003516 0.2945688 0.2911340 0.0490705 0.2948164 0.0600575 0.0417900 0.0950163 0.0752125 0.0617160 0.0636846 0.0712272 0.2984642 0.0711061 0.0672390 0.0654536 0.2904107 0.3026580 0.0791563 0.0273562 0.3048306 0.2843707 0.2955583 0.2685295 0.0905296 0.0543316 0.0654965 0.0542182 0.0846765 0.0808236 0.0846405 0.0866479 0.0808236 0.0714243 0.0866304 0.0597332 0.0808236 0.0469548 0.0169169 0.0829907 0.0291123 0.0186625 0.0291123 0.0186625 0.0581903 
PP269518.1|Viet_Nam|NA|NA|Dengue_1|2011-07-29|2011.57260273973                                                       0.0238752 0.0221107 0.0221238 0.0273966 0.0308815 0.0256427 0.0255908 0.3042304 0.2991449 0.0186781 0.0291081 0.0000000 0.0221318 0.0380050 0.0328707 0.0169591 0.0204313 0.0186860 0.0140115 0.0186594 0.0186594 0.0362509 0.0221233 0.0203767 0.0274773 0.0203782 0.0238463 0.0221228 0.0186563 0.0256427 0.0169357 0.0169393 0.0291641 0.0326302 0.0415639 0.0326255 0.0327305 0.0291283 0.0344754 0.0326309 0.0362002 0.0380489 0.0344319 0.3020968 0.0274186 0.0274186 0.0238629 0.0434799 0.0343909 0.0379406 0.0343851 0.0256099 0.0256000 0.0256105 0.0238635 0.0238635 0.0221159 0.0256427 0.0344866 0.0238629 0.0292212 0.0308919 0.0291798 0.0848602 0.2870236 0.3096279 0.3150328 0.0344719 0.0309156 0.0326752 0.0308694 0.0291065 0.2876670 0.2763882 0.3114786 0.0344150 0.3049536 0.0846841 0.0808509 0.1096313 0.3055234 0.0544522 0.0273758 0.0562391 0.0750816 0.0948201 0.0886440 0.0787688 0.3216764 0.0636233 0.0580447 0.0239049 0.0675290 0.0636992 0.0659202 0.0815157 0.0637505 0.0904252 0.0731460 0.0695620 0.0600451 0.0810447 0.2938142 0.0693424 0.3176939 0.0621397 0.0169516 0.0637894 0.2591970 0.3105638 0.2754315 0.3140618 0.0886584 0.0582349 0.0508449 0.0221655 0.2943222 0.2810852 0.1017986 0.2770340 0.0733594 0.2811464 0.0713447 0.2822786 0.0600731 0.0655809 0.0731844 0.3187603 0.0543383 0.0732136 0.2984019 0.0621397 0.0734028 0.0599914 0.0677061 0.0618888 0.0618115 0.0641210 0.0655409 0.0807665 0.0769476 0.0600572 0.0733408 0.0471090 0.0751640 0.2971059 0.0274505 0.0712007 0.0579681 0.0506620 0.2988406 0.2930423 0.2867499 0.0510101 0.3046523 0.0620551 0.0364536 0.0872670 0.0715273 0.0637167 0.0600604 0.0694683 0.2911391 0.0731609 0.0692675 0.0674758 0.2943222 0.3129504 0.0754486 0.0256525 0.3030966 0.2939436 0.2882549 0.2722282 0.0828747 0.0562917 0.0637457 0.0524843 0.0770879 0.0732773 0.0732644 0.0790346 0.0732773 0.0677548 0.0790187 0.0654258 0.0694599 0.0452280 0.0152286 0.0792670 0.0274064 0.0169697 0.0274064 0.0169697 0.0601779 
PP269507.1|Viet_Nam|NA|NA|Dengue_1|2011-06-09|2011.43561643836                                                       0.0290843 0.0308125 0.0273165 0.0361933 0.0220985 0.0308704 0.0308073 0.3062400 0.2952720 0.0238480 0.0238286 0.0221318 0.0000000 0.0326244 0.0275126 0.0221172 0.0118100 0.0238583 0.0200916 0.0238240 0.0238240 0.0273634 0.0273158 0.0255520 0.0187167 0.0255539 0.0290488 0.0308299 0.0238201 0.0169389 0.0220864 0.0220911 0.0344219 0.0343454 0.0361477 0.0343404 0.0380221 0.0343790 0.0291275 0.0343462 0.0308419 0.0326613 0.0397252 0.2981934 0.0326649 0.0326649 0.0290693 0.0488580 0.0361080 0.0396623 0.0361020 0.0308306 0.0308186 0.0308313 0.0290700 0.0290700 0.0308200 0.0344134 0.0397886 0.0290693 0.0344896 0.0361569 0.0344404 0.0712519 0.2835945 0.3056218 0.3110212 0.0397718 0.0361851 0.0379571 0.0325825 0.0308169 0.2839115 0.2730693 0.3016272 0.0397055 0.3069689 0.0787662 0.0673658 0.0992888 0.2957930 0.0452333 0.0273296 0.0506498 0.0636158 0.0809361 0.0788031 0.0666784 0.3173603 0.0579558 0.0524399 0.0221372 0.0580726 0.0543223 0.0545827 0.0679076 0.0580698 0.0805723 0.0617266 0.0563242 0.0470638 0.0790083 0.2900271 0.0580058 0.3081175 0.0508870 0.0221074 0.0581049 0.2559771 0.3065350 0.2720939 0.3039641 0.0749717 0.0507688 0.0453026 0.0273683 0.2904830 0.2830993 0.0935831 0.2737016 0.0675560 0.2777647 0.0655728 0.2813404 0.0544290 0.0561698 0.0617576 0.3146572 0.0487761 0.0636555 0.3004129 0.0508870 0.0638179 0.0543562 0.0545064 0.0525354 0.0524715 0.0565347 0.0561360 0.0710841 0.0673319 0.0525709 0.0656494 0.0416173 0.0674525 0.2932808 0.0221701 0.0616931 0.0523714 0.0415306 0.2892747 0.2835909 0.2802317 0.0418121 0.2894679 0.0526770 0.0346212 0.0793286 0.0638529 0.0543377 0.0525734 0.0599703 0.2873755 0.0598718 0.0560933 0.0580287 0.2904830 0.2973160 0.0677061 0.0204000 0.2905066 0.2791251 0.2845201 0.2633226 0.0750467 0.0470412 0.0580654 0.0469447 0.0693467 0.0655915 0.0693184 0.0712618 0.0655915 0.0601338 0.0712476 0.0560392 0.0655915 0.0433667 0.0067074 0.0714697 0.0221349 0.0118091 0.0221349 0.0118091 0.0508313 
PP269513.1|Viet_Nam|NA|NA|Dengue_1|2011-12-23|2011.97534246575                                                       0.0451398 0.0432840 0.0397148 0.0488159 0.0379456 0.0433680 0.0396832 0.2962793 0.2856148 0.0326256 0.0361486 0.0380050 0.0326244 0.0000000 0.0327346 0.0379786 0.0309108 0.0397729 0.0324864 0.0361413 0.0361413 0.0470159 0.0397139 0.0343635 0.0381105 0.0379274 0.0414774 0.0433095 0.0397072 0.0362102 0.0343635 0.0379328 0.0470057 0.0542077 0.0487528 0.0541997 0.0488722 0.0433498 0.0452099 0.0542090 0.0469494 0.0488512 0.0451515 0.2884759 0.0452143 0.0452143 0.0415077 0.0543577 0.0560281 0.0597089 0.0560195 0.0433105 0.0432931 0.0433115 0.0415087 0.0415087 0.0432951 0.0469942 0.0488665 0.0415077 0.0471002 0.0451583 0.0470314 0.0730129 0.2744078 0.2956952 0.3124742 0.0488159 0.0488043 0.0506133 0.0523842 0.0505526 0.2883201 0.2693782 0.3148964 0.0451012 0.2969630 0.0766868 0.0729164 0.1090832 0.3089622 0.0469336 0.0360763 0.0487281 0.0653667 0.0827100 0.0805710 0.0724264 0.3257273 0.0633424 0.0577918 0.0416082 0.0597790 0.0597297 0.0600176 0.0696760 0.0597761 0.0784845 0.0634747 0.0655140 0.0524248 0.0769199 0.2972910 0.0615967 0.2978747 0.0562942 0.0343975 0.0598122 0.2496934 0.2965552 0.2655825 0.2999150 0.0767354 0.0636152 0.0506256 0.0433959 0.2808854 0.2789362 0.0913854 0.2644272 0.0655339 0.2739970 0.0635231 0.2999928 0.0598469 0.0542176 0.0653667 0.3045377 0.0505064 0.0654065 0.2905678 0.0562942 0.0618166 0.0524130 0.0599329 0.0542393 0.0505402 0.0601194 0.0541851 0.0690505 0.0653189 0.0579734 0.0711516 0.0469079 0.0767863 0.3064236 0.0238577 0.0597124 0.0468104 0.0468383 0.2965103 0.2907866 0.2765256 0.0435181 0.2852685 0.0507375 0.0398903 0.0927758 0.0693495 0.0523952 0.0579764 0.0654267 0.2946268 0.0616169 0.0578328 0.0560659 0.2808854 0.3045912 0.0732371 0.0290491 0.2920228 0.2750737 0.2917510 0.2542220 0.0844889 0.0487422 0.0597716 0.0522589 0.0787082 0.0749022 0.0786764 0.0806530 0.0749022 0.0656059 0.0767844 0.0540932 0.0749022 0.0486618 0.0255974 0.0770256 0.0238197 0.0203479 0.0238197 0.0203479 0.0525388 
PP269519.1|Viet_Nam|NA|NA|Dengue_1|2011-11-09|2011.85479452055                                                       0.0399925 0.0417555 0.0381720 0.0454768 0.0363954 0.0400264 0.0417484 0.2966701 0.2975650 0.0310549 0.0345924 0.0328707 0.0275126 0.0327346 0.0000000 0.0328481 0.0257955 0.0346365 0.0306058 0.0345854 0.0345854 0.0418561 0.0381711 0.0363529 0.0329616 0.0363559 0.0399424 0.0399725 0.0327964 0.0310825 0.0328012 0.0310307 0.0436649 0.0472094 0.0472443 0.0472025 0.0473603 0.0454291 0.0400540 0.0472105 0.0417970 0.0436844 0.0509215 0.3005234 0.0436888 0.0436888 0.0381702 0.0584579 0.0490213 0.0526811 0.0490130 0.0399735 0.0399575 0.0417821 0.0381711 0.0381711 0.0417662 0.0436541 0.0473252 0.0381702 0.0455797 0.0472558 0.0455129 0.0754017 0.2729136 0.3080616 0.3132500 0.0491420 0.0454660 0.0472772 0.0453954 0.0435754 0.2916608 0.2748953 0.3157077 0.0472250 0.3033693 0.0791100 0.0733788 0.1038245 0.3096842 0.0454180 0.0345025 0.0471909 0.0657745 0.0852093 0.0791472 0.0689609 0.3295685 0.0544845 0.0471515 0.0364615 0.0583159 0.0545480 0.0585494 0.0701189 0.0564495 0.0809237 0.0638689 0.0640727 0.0509304 0.0793542 0.3007860 0.0638579 0.2986676 0.0548105 0.0328337 0.0546239 0.2522777 0.3089952 0.2684232 0.3124986 0.0791606 0.0584107 0.0418468 0.0382461 0.2927254 0.2794537 0.0899891 0.2632303 0.0678450 0.2671776 0.0639612 0.2857616 0.0546555 0.0526985 0.0657745 0.3141538 0.0489764 0.0639252 0.2968059 0.0548105 0.0640890 0.0545822 0.0584666 0.0527531 0.0526887 0.0586490 0.0563700 0.0713894 0.0676190 0.0527888 0.0659290 0.0381755 0.0715560 0.3011770 0.0222438 0.0543426 0.0489161 0.0416986 0.2912467 0.2912467 0.2792783 0.0419824 0.2858733 0.0528959 0.0311798 0.0816352 0.0641242 0.0545635 0.0527914 0.0602227 0.2980733 0.0638801 0.0600526 0.0582717 0.2927254 0.3082093 0.0679963 0.0239567 0.2896062 0.2755282 0.2951422 0.2622561 0.0792409 0.0472340 0.0583087 0.0434986 0.0734731 0.0696744 0.0734427 0.0754122 0.0696744 0.0603874 0.0753971 0.0562725 0.0696744 0.0399253 0.0205063 0.0717783 0.0222084 0.0152817 0.0222084 0.0152817 0.0510416 
PP269523.1|Viet_Nam|NA|NA|Dengue_1|2012-07-11|2012.52328767123                                                       0.0135183 0.0152166 0.0118043 0.0204241 0.0273423 0.0152442 0.0152141 0.3037537 0.3101593 0.0186659 0.0290885 0.0169591 0.0221172 0.0379786 0.0328481 0.0000000 0.0204179 0.0118141 0.0119833 0.0084047 0.0084047 0.0326679 0.0118040 0.0100959 0.0274588 0.0100966 0.0135022 0.0152248 0.0084033 0.0221369 0.0067130 0.0067144 0.0186966 0.0221199 0.0415347 0.0221167 0.0221862 0.0186743 0.0344517 0.0221204 0.0361753 0.0380224 0.0238787 0.3131576 0.0169787 0.0169787 0.0135114 0.0327328 0.0238511 0.0273371 0.0238472 0.0152252 0.0152195 0.0152255 0.0135117 0.0135117 0.0152202 0.0186920 0.0239161 0.0135114 0.0187326 0.0204046 0.0187065 0.0809524 0.2924388 0.3208733 0.3070558 0.0239057 0.0204197 0.0221496 0.0203900 0.0186605 0.2801970 0.2691254 0.3035876 0.0238672 0.3044733 0.0885287 0.0769780 0.1095342 0.2977547 0.0469392 0.0291144 0.0561975 0.0769441 0.0908345 0.0885712 0.0724362 0.3211274 0.0635752 0.0580016 0.0273908 0.0597864 0.0597371 0.0600251 0.0814497 0.0560762 0.0864318 0.0750028 0.0617682 0.0524311 0.0809796 0.2862813 0.0711896 0.3171871 0.0563011 0.0169407 0.0598196 0.2644108 0.3218637 0.2807576 0.3254407 0.0885855 0.0600571 0.0508079 0.0221509 0.3053074 0.2806695 0.0954018 0.2823434 0.0733018 0.2865152 0.0635311 0.2728379 0.0637782 0.0655309 0.0750424 0.3301507 0.0542984 0.0731563 0.2979408 0.0563011 0.0733452 0.0636906 0.0599404 0.0542459 0.0617650 0.0601269 0.0654909 0.0807019 0.0768868 0.0618840 0.0752032 0.0470752 0.0770268 0.2894980 0.0274321 0.0711454 0.0579251 0.0506253 0.2855479 0.2799198 0.2793900 0.0435232 0.3041795 0.0620082 0.0364283 0.0891702 0.0696106 0.0636684 0.0618874 0.0694145 0.2836529 0.0731038 0.0692141 0.0674240 0.3053074 0.3050727 0.0773211 0.0256354 0.2896085 0.2935017 0.2808257 0.2718353 0.0847566 0.0562500 0.0560720 0.0524461 0.0789557 0.0751360 0.0751229 0.0809077 0.0751360 0.0696063 0.0808915 0.0653761 0.0751360 0.0488359 0.0152188 0.0811483 0.0273880 0.0169587 0.0273880 0.0169587 0.0525452 
PP269534.1|Viet_Nam|NA|NA|Dengue_1|2013-07-22|2013.55342465753                                                       0.0273765 0.0291040 0.0256119 0.0344737 0.0204006 0.0291586 0.0290991 0.2968127 0.2947742 0.0221468 0.0221289 0.0204313 0.0118100 0.0309108 0.0257955 0.0204179 0.0000000 0.0221564 0.0180846 0.0221246 0.0221246 0.0256559 0.0256114 0.0238511 0.0101180 0.0238529 0.0273431 0.0291204 0.0221209 0.0152464 0.0203895 0.0203939 0.0327045 0.0326320 0.0344304 0.0326273 0.0362980 0.0326638 0.0274170 0.0326328 0.0291317 0.0309456 0.0380026 0.2976875 0.0309491 0.0309491 0.0273624 0.0471191 0.0343928 0.0379427 0.0343870 0.0291210 0.0291097 0.0291217 0.0273630 0.0273630 0.0291111 0.0326964 0.0380632 0.0273624 0.0327688 0.0344392 0.0327221 0.0733005 0.2802504 0.3021248 0.3210649 0.0380471 0.0344659 0.0362361 0.0308712 0.0291082 0.2934615 0.2767173 0.3114600 0.0379838 0.3034431 0.0808541 0.0693893 0.0974685 0.3055061 0.0471374 0.0256243 0.0489098 0.0656186 0.0830432 0.0808922 0.0687909 0.3199603 0.0525164 0.0470439 0.0135012 0.0600465 0.0562736 0.0565449 0.0699501 0.0600435 0.0826662 0.0637181 0.0582919 0.0489783 0.0772258 0.2996231 0.0599767 0.3046427 0.0528287 0.0204089 0.0600800 0.2528328 0.3030177 0.2688372 0.3064366 0.0770387 0.0527053 0.0399458 0.0256605 0.2871096 0.2797653 0.0957871 0.2704500 0.0695866 0.2744659 0.0675894 0.2896611 0.0526803 0.0581312 0.0637504 0.3110865 0.0506953 0.0656597 0.2969472 0.0528287 0.0658280 0.0563088 0.0564654 0.0544789 0.0544122 0.0603900 0.0580961 0.0731268 0.0693543 0.0545158 0.0676684 0.0362984 0.0694792 0.3029550 0.0204667 0.0636835 0.0506327 0.0398051 0.2988248 0.2930277 0.2838907 0.0437064 0.2861208 0.0546259 0.0328937 0.0814343 0.0658645 0.0562894 0.0545184 0.0619559 0.2969263 0.0618533 0.0580515 0.0600006 0.2871096 0.3070063 0.0697417 0.0187017 0.2942914 0.2758713 0.2940133 0.2601368 0.0771163 0.0489547 0.0600390 0.0415951 0.0713843 0.0676084 0.0713549 0.0733107 0.0676084 0.0621255 0.0732961 0.0579953 0.0676084 0.0380406 0.0050310 0.0735258 0.0204342 0.0101229 0.0204342 0.0101229 0.0527705 
PP269551.1|Viet_Nam|NA|NA|Dengue_1|2013-01-08|2013.01917808219                                                       0.0186677 0.0203763 0.0169357 0.0256415 0.0291001 0.0204137 0.0203729 0.3068110 0.3132237 0.0203967 0.0290904 0.0186860 0.0238583 0.0397729 0.0346365 0.0118141 0.0221564 0.0000000 0.0119867 0.0135049 0.0135049 0.0344458 0.0169353 0.0152087 0.0292245 0.0152097 0.0186454 0.0186586 0.0135027 0.0238796 0.0117979 0.0118003 0.0238993 0.0273428 0.0415376 0.0273389 0.0274258 0.0238703 0.0344540 0.0273434 0.0361777 0.0380250 0.0255439 0.3162388 0.0186970 0.0186970 0.0186581 0.0380695 0.0290881 0.0326046 0.0290833 0.0203879 0.0203801 0.0203883 0.0186586 0.0186586 0.0203811 0.0238934 0.0291682 0.0186581 0.0204581 0.0238703 0.0204295 0.0867558 0.2954409 0.3240166 0.3176051 0.0291556 0.0256359 0.0273800 0.0255981 0.0238526 0.2901804 0.2788746 0.3140371 0.0291081 0.3075439 0.0865751 0.0827329 0.1095451 0.3080657 0.0525709 0.0308791 0.0580561 0.0788772 0.0967447 0.0905466 0.0786882 0.3244175 0.0654577 0.0598648 0.0291519 0.0600032 0.0618211 0.0658579 0.0834147 0.0581351 0.0883949 0.0769282 0.0676127 0.0581393 0.0829318 0.2963245 0.0731013 0.3112587 0.0620818 0.0169417 0.0619082 0.2672657 0.3250238 0.2836944 0.3286280 0.0905612 0.0619340 0.0526526 0.0238947 0.3083579 0.2836039 0.1037610 0.2852728 0.0711843 0.2894829 0.0674950 0.2769161 0.0656677 0.0674227 0.0769691 0.3302244 0.0561485 0.0750768 0.3009680 0.0620818 0.0752711 0.0655769 0.0657635 0.0599761 0.0636429 0.0659715 0.0673814 0.0826464 0.0788183 0.0637660 0.0771345 0.0489040 0.0789624 0.2996283 0.0291960 0.0730559 0.0597856 0.0524626 0.2955424 0.2897861 0.2892289 0.0491346 0.2983497 0.0638938 0.0382288 0.0911609 0.0753150 0.0655540 0.0637696 0.0713234 0.2936441 0.0750226 0.0711164 0.0693228 0.3083579 0.3125249 0.0792651 0.0273906 0.2997496 0.2878021 0.2907518 0.2747185 0.0828129 0.0581107 0.0618256 0.0542892 0.0808984 0.0770655 0.0770520 0.0828581 0.0770655 0.0715211 0.0828414 0.0672629 0.0770655 0.0506684 0.0169377 0.0831054 0.0291489 0.0186856 0.0291489 0.0186856 0.0582674 
PP269557.1|Viet_Nam|NA|NA|Dengue_1|2013-10-11|2013.77534246575                                                       0.0160213 0.0180403 0.0160164 0.0242070 0.0200865 0.0201262 0.0180368 0.3056914 0.3205086 0.0119753 0.0262449 0.0140115 0.0200916 0.0324864 0.0306058 0.0119833 0.0180846 0.0119867 0.0000000 0.0119668 0.0139843 0.0304631 0.0160124 0.0139781 0.0263881 0.0139758 0.0160093 0.0200956 0.0119615 0.0221664 0.0099535 0.0099535 0.0242513 0.0283288 0.0345869 0.0241952 0.0284308 0.0201081 0.0325569 0.0283296 0.0325031 0.0367696 0.0262915 0.3174032 0.0201452 0.0201452 0.0180514 0.0410740 0.0303972 0.0345684 0.0303912 0.0200961 0.0200871 0.0200967 0.0180519 0.0180519 0.0200882 0.0221476 0.0284154 0.0180514 0.0222387 0.0242220 0.0222019 0.0876474 0.3058732 0.3298495 0.3046860 0.0304809 0.0221470 0.0283745 0.0241952 0.0241952 0.2730070 0.2824777 0.3109631 0.0283396 0.3168995 0.0897520 0.0828900 0.1099526 0.3039239 0.0495498 0.0241746 0.0560025 0.0783351 0.0971153 0.0874858 0.0804862 0.2958930 0.0537572 0.0516114 0.0242401 0.0693453 0.0648123 0.0674281 0.0860245 0.0648741 0.0872913 0.0760363 0.0649509 0.0604953 0.0740284 0.2932830 0.0715262 0.3128819 0.0629552 0.0119717 0.0625942 0.2678948 0.3226017 0.2880416 0.3266179 0.0898633 0.0539705 0.0474913 0.0180476 0.3110978 0.2846713 0.0980574 0.2900861 0.0717253 0.2951627 0.0716098 0.2781303 0.0627417 0.0648432 0.0738177 0.3410680 0.0537618 0.0693319 0.3018213 0.0629552 0.0695609 0.0604598 0.0627778 0.0582753 0.0582020 0.0675660 0.0625791 0.0782190 0.0737344 0.0561530 0.0650612 0.0431160 0.0715961 0.2971756 0.0242463 0.0692315 0.0537092 0.0472778 0.2892275 0.2793086 0.2948423 0.0498319 0.3078262 0.0584725 0.0326605 0.0834787 0.0673959 0.0648333 0.0539829 0.0649243 0.2901214 0.0715340 0.0669789 0.0648509 0.3146973 0.3028813 0.0719941 0.0221426 0.3142800 0.2950063 0.2867163 0.2707503 0.0783853 0.0560643 0.0604366 0.0430173 0.0738519 0.0693832 0.0693690 0.0761350 0.0693832 0.0629705 0.0738879 0.0624520 0.0693832 0.0430484 0.0119688 0.0740345 0.0221419 0.0119691 0.0221419 0.0119691 0.0561498 
