110
OR771168.1|USA|FL|NA|Dengue_4|2023-09-01|2023.66575342466                        0.0000000 0.2924830 0.1065300 0.1193026 0.1319612 0.1192792 0.1182156 0.1171521 0.1255517 0.1169187 0.0087905 0.0159576 0.2236887 0.1254231 0.2285216 0.2226118 0.2222810 0.3534300 0.3540346 0.1190679 0.1212965 0.1278250 0.3401306 0.3349234 0.2032582 0.2304923 0.3016908 0.3353725 0.2100305 0.2096501 0.2384167 0.2387121 0.2854773 0.3130424 0.2021712 0.2047597 0.3330446 0.0141174 0.2819394 0.2331754 0.3217290 0.2047597 0.3215427 0.3234201 0.2040094 0.1888725 0.3160210 0.2329210 0.3408509 0.3244145 0.3162670 0.0994276 0.2226042 0.2163502 0.1233065 0.3296648 0.3043527 0.3127580 0.2971238 0.3708410 0.2829565 0.3130424 0.1104003 0.1031338 0.3344392 0.3078173 0.3250096 0.3220319 0.3131497 0.3237433 0.2004944 0.2306310 0.2657870 0.3220300 0.3431585 0.3189670 0.2034805 0.3431585 0.1111171 0.1021521 0.1170229 0.1042591 0.3117061 0.2129802 0.3096541 0.2075379 0.2311333 0.2196228 0.2105781 0.2183413 0.2208307 0.1083604 0.1083604 0.1105447 0.1167041 0.3335475 0.3424181 0.3016826 0.1098837 0.1082548 0.2908787 0.3143037 0.2004029 0.3163913 0.1941628 0.1021293 0.2232681 0.2987507 0.3064325 0.1976968 
OR389040.1|Cambodia|NA|NA|Dengue_4|2011-06-15|2011.45205479452                   0.2924830 0.0000000 0.3047211 0.3183894 0.3247094 0.3191488 0.3325676 0.3124993 0.3244818 0.3251488 0.3009392 0.2909136 0.2989612 0.3241277 0.3222575 0.3141882 0.3236533 0.1212576 0.1256247 0.3281424 0.3314051 0.3281855 0.1204546 0.1181875 0.3073172 0.3163794 0.2352291 0.1100258 0.3022590 0.3015773 0.3105090 0.3047127 0.2252548 0.1009267 0.2929609 0.2960164 0.1214451 0.2927534 0.2178004 0.3021197 0.1010196 0.2960164 0.1009928 0.1029740 0.2564424 0.2483015 0.0992945 0.3158426 0.1160956 0.0947325 0.1116640 0.2599440 0.3083438 0.2819251 0.3281424 0.1012108 0.0941429 0.0906520 0.2137056 0.2468546 0.2077396 0.1009267 0.3494776 0.3259522 0.1181015 0.1071387 0.1029652 0.1137773 0.0924088 0.1137878 0.2803586 0.3163555 0.2229930 0.1145988 0.1096291 0.1138436 0.2775844 0.1096291 0.3098913 0.3001949 0.3301238 0.3007684 0.0865506 0.3048836 0.2289954 0.2968307 0.3121127 0.3178187 0.3022396 0.3025773 0.3154198 0.3135219 0.3135219 0.3167157 0.3275464 0.1102489 0.1226114 0.2388314 0.3433522 0.3184035 0.0176753 0.0931780 0.2895163 0.0991963 0.2963215 0.2937651 0.2985106 0.0303104 0.0823662 0.2919596 
OQ821630.1|Bolivia|NA|NA|Dengue_4|2014-03-13|2014.19452054795                    0.1065300 0.3047211 0.0000000 0.0459380 0.0631405 0.0459366 0.1044350 0.0440393 0.0573463 0.0195507 0.1087002 0.1091224 0.2273818 0.0572893 0.2461004 0.2399016 0.2228576 0.3535194 0.3541174 0.0213601 0.0231864 0.0286745 0.3539670 0.3430862 0.2188991 0.2311958 0.3157712 0.3493544 0.2080489 0.2076677 0.2319037 0.2321913 0.3023784 0.3179946 0.2000890 0.2027103 0.3393461 0.1024208 0.3076536 0.2266190 0.3265891 0.2027103 0.3264013 0.3288709 0.1950840 0.1821296 0.3154921 0.2319037 0.3523032 0.3292402 0.3212563 0.0954092 0.2182926 0.1969697 0.0249862 0.3278564 0.3156725 0.3177074 0.3190133 0.3945674 0.3057101 0.3179946 0.1007718 0.0936322 0.3425825 0.3128407 0.3298400 0.3269424 0.3073030 0.3230951 0.1959606 0.2414278 0.2746198 0.3269892 0.3343557 0.3239079 0.2037625 0.3343557 0.0280959 0.0308071 0.0632996 0.0535442 0.3122137 0.2085605 0.3316371 0.2030792 0.2318497 0.2363465 0.2061325 0.2188575 0.2421114 0.0123606 0.0123606 0.0141543 0.1046284 0.3433146 0.3565241 0.3129011 0.1002953 0.0123516 0.2977958 0.3346227 0.2011152 0.3300124 0.1990914 0.0401048 0.2446393 0.3002801 0.3114390 0.1996495 
OQ821626.1|Cuba|NA|NA|Dengue_4|2013-12-06|2013.92876712329                       0.1193026 0.3183894 0.0459380 0.0000000 0.0650882 0.0105867 0.1087602 0.0105935 0.0592802 0.0496778 0.1215206 0.1220030 0.2182524 0.0592213 0.2543994 0.2481265 0.2122254 0.3674004 0.3680423 0.0496511 0.0515980 0.0574100 0.3620213 0.3567312 0.2186291 0.2173776 0.3041256 0.3632558 0.1977796 0.1974274 0.2235109 0.2237811 0.2910083 0.3265030 0.1899844 0.1925523 0.3584110 0.1151336 0.3015477 0.2183104 0.3352598 0.1925523 0.3350619 0.3386897 0.1871853 0.1790739 0.3239697 0.2235109 0.3546008 0.3435326 0.3299533 0.1004916 0.2131780 0.1937511 0.0534731 0.3433743 0.3240632 0.3262005 0.3127836 0.3886956 0.3060417 0.3265030 0.1007461 0.1019781 0.3561888 0.3212846 0.3385840 0.3357179 0.3155464 0.3317822 0.1858841 0.2468002 0.2689263 0.3358548 0.3530699 0.3326197 0.1935299 0.3530699 0.0539924 0.0213673 0.0693065 0.0573972 0.3206174 0.1982575 0.3253671 0.1929014 0.2179704 0.2419090 0.1958662 0.2215526 0.2417658 0.0439532 0.0439532 0.0458801 0.1089636 0.3570102 0.3647639 0.3012853 0.1087672 0.0439177 0.3113920 0.3481406 0.2009018 0.3433831 0.2036751 0.0478014 0.2442850 0.3193678 0.3198041 0.1969319 
OR654276.1|USA|FL|NA|Dengue_4|2023-05-31|2023.41095890411                        0.1319612 0.3247094 0.0631405 0.0650882 0.0000000 0.0611992 0.1085577 0.0670316 0.0052619 0.0689446 0.1342226 0.1391063 0.2518199 0.0052572 0.2543864 0.2481884 0.2448648 0.3691888 0.3698324 0.0709207 0.0729435 0.0748643 0.3625488 0.3460016 0.2439174 0.2531559 0.3262153 0.3580351 0.2240559 0.2236332 0.2563464 0.2566813 0.2955421 0.3294734 0.2159472 0.2186166 0.3560418 0.1320295 0.3044371 0.2459164 0.3382519 0.2186166 0.3380514 0.3473065 0.2169119 0.2063505 0.3269394 0.2563464 0.3576558 0.3465361 0.3329771 0.1213567 0.2399741 0.2237592 0.0748556 0.3396148 0.3270012 0.3291667 0.3108685 0.3857691 0.3033005 0.3294734 0.1177191 0.1144299 0.3454914 0.3242531 0.3359961 0.3443955 0.3184651 0.3404199 0.2171802 0.2580395 0.2908365 0.3446229 0.3504374 0.3412716 0.2228802 0.3504374 0.0678739 0.0533246 0.0932492 0.0789287 0.3160461 0.2246143 0.3233512 0.2244113 0.2539014 0.2450084 0.2221639 0.2459352 0.2529938 0.0610735 0.0610735 0.0630578 0.1171577 0.3519081 0.3537186 0.3178188 0.1171651 0.0610217 0.3177789 0.3364129 0.2224797 0.3384896 0.2253470 0.0650241 0.2497688 0.3322210 0.3227500 0.2288977 
OQ821627.1|Cuba|NA|NA|Dengue_4|2014-08-06|2014.59452054795                       0.1192792 0.3191488 0.0459366 0.0105867 0.0611992 0.0000000 0.1045757 0.0177742 0.0554218 0.0496756 0.1214961 0.1219781 0.2303064 0.0553672 0.2495364 0.2432937 0.2230327 0.3741653 0.3748284 0.0496493 0.0515959 0.0574069 0.3616760 0.3563967 0.2141052 0.2281498 0.3141218 0.3629035 0.2082269 0.2078454 0.2294729 0.2297557 0.3007216 0.3207174 0.2002680 0.2028889 0.3550677 0.1151122 0.3115170 0.2291396 0.3294210 0.2028889 0.3292286 0.3328178 0.1975557 0.1893725 0.3181886 0.2344357 0.3486128 0.3376605 0.3240608 0.1032141 0.2184677 0.2041808 0.0534707 0.3374357 0.3248409 0.3204235 0.3173602 0.3867048 0.3040704 0.3207174 0.1007308 0.1019624 0.3558563 0.3155091 0.3327174 0.3298106 0.3098728 0.3259088 0.1961408 0.2422375 0.2782098 0.3298868 0.3596885 0.3267351 0.2039420 0.3596885 0.0539897 0.0213674 0.0692732 0.0554712 0.3213903 0.2087388 0.3327915 0.2032580 0.2287890 0.2398228 0.2063115 0.2220071 0.2372087 0.0439521 0.0439521 0.0458788 0.1089449 0.3566740 0.3615143 0.3112456 0.1087486 0.0439166 0.3121322 0.3478238 0.2060995 0.3430776 0.2089012 0.0459023 0.2397248 0.3201323 0.3205719 0.2021224 
OQ821633.1|Haiti|NA|NA|Dengue_4|2013-09-06|2013.67945205479                      0.1182156 0.3325676 0.1044350 0.1087602 0.1085577 0.1045757 0.0000000 0.1108214 0.1020156 0.1105979 0.1204086 0.1208811 0.2360499 0.1039808 0.2327890 0.2326751 0.2310358 0.3903276 0.3910325 0.1127253 0.1149277 0.1171578 0.3637154 0.3597566 0.2249678 0.2343653 0.3195184 0.3719791 0.2084975 0.2109555 0.2423765 0.2426814 0.2999125 0.3474327 0.2034108 0.2060227 0.3586247 0.1140906 0.3050727 0.2298673 0.3562515 0.2060227 0.3560367 0.3653495 0.2063924 0.2057136 0.3449220 0.2374259 0.3632466 0.3756908 0.3512300 0.1001654 0.2263899 0.2164309 0.1169270 0.3577288 0.3382093 0.3443157 0.3016061 0.3656713 0.2920286 0.3474327 0.0231915 0.0306012 0.3592135 0.3422574 0.3596262 0.3569552 0.3362211 0.3529576 0.2035783 0.2395567 0.2666882 0.3573137 0.3714174 0.3538218 0.2113748 0.3714174 0.1114751 0.0959724 0.1063304 0.0980571 0.3283674 0.2143815 0.3077679 0.2111671 0.2350262 0.2323793 0.2167792 0.2288012 0.2345993 0.1062643 0.1062643 0.1084383 0.0160015 0.3657220 0.3697386 0.3048107 0.0400400 0.1061614 0.3256663 0.3500697 0.2140287 0.3521339 0.2120217 0.0836172 0.2271276 0.3390294 0.3275401 0.2035522 
OQ821625.1|Cuba|NA|NA|Dengue_4|2016-02-05|2016.09589041096                       0.1171521 0.3124993 0.0440393 0.0105935 0.0670316 0.0177742 0.1108214 0.0000000 0.0612110 0.0458137 0.1193608 0.1198326 0.2238503 0.0611496 0.2603140 0.2539753 0.2174665 0.3680681 0.3687129 0.0458131 0.0477447 0.0535164 0.3556960 0.3504361 0.2189916 0.2225960 0.3074236 0.3568445 0.2028636 0.2024977 0.2287951 0.2290755 0.2942235 0.3205099 0.1949974 0.1975884 0.3547885 0.1129954 0.3048389 0.2186653 0.3292004 0.1975884 0.3290085 0.3325915 0.1898740 0.1817425 0.3179845 0.2287951 0.3483602 0.3374276 0.3238452 0.1058372 0.2130023 0.1988308 0.0496111 0.3372006 0.3181406 0.3202167 0.3133374 0.3848404 0.3002473 0.3205099 0.1071578 0.1040160 0.3499116 0.3153085 0.3324914 0.3351951 0.3096826 0.3312742 0.1908882 0.2523166 0.2667917 0.3353262 0.3468157 0.3321082 0.1986013 0.3468157 0.0519874 0.0250129 0.0732068 0.0593243 0.3146665 0.2033574 0.3259390 0.1979468 0.2232103 0.2506045 0.2009512 0.2268987 0.2472542 0.0420639 0.0420639 0.0439840 0.1110294 0.3506913 0.3612337 0.3045737 0.1066520 0.0420301 0.3055176 0.3419002 0.2012254 0.3372088 0.2088254 0.0497046 0.2526817 0.3134572 0.3138763 0.2020519 
OQ821636.1|Cuba|NA|NA|Dengue_4|2022-11-15|2022.87123287671                       0.1255517 0.3244818 0.0573463 0.0592802 0.0052619 0.0554218 0.1020156 0.0612110 0.0000000 0.0611671 0.1277897 0.1326095 0.2496896 0.0000030 0.2523469 0.2461505 0.2429311 0.3689667 0.3696100 0.0631206 0.0651158 0.0670228 0.3623264 0.3429293 0.2337199 0.2512478 0.3259836 0.3578080 0.2221356 0.2217172 0.2544357 0.2547677 0.2953102 0.3347931 0.2140296 0.2166982 0.3527936 0.1256152 0.3042024 0.2490133 0.3436086 0.2166982 0.3434032 0.3527029 0.2137890 0.2032624 0.3322588 0.2544357 0.3631230 0.3519114 0.3383928 0.1133699 0.2380578 0.2218191 0.0670150 0.3450091 0.3322630 0.3344787 0.3161248 0.3855417 0.3030715 0.3347931 0.1110352 0.1078474 0.3424265 0.3295713 0.3413597 0.3498304 0.3236953 0.3458294 0.2152510 0.2561152 0.2906061 0.3501154 0.3559074 0.3466900 0.2209470 0.3559074 0.0618077 0.0476266 0.0871997 0.0730066 0.3212741 0.2226894 0.3285951 0.2224890 0.2519869 0.2482391 0.2202369 0.2439948 0.2510629 0.0553079 0.0553079 0.0572722 0.1105107 0.3516807 0.3534885 0.3175855 0.1105130 0.0552618 0.3175489 0.3361826 0.2254408 0.3382602 0.2234159 0.0592230 0.2478411 0.3319936 0.3280278 0.2214694 
OQ821624.1|Paraguay|NA|NA|Dengue_4|2020-03-19|2020.21095890411                   0.1169187 0.3251488 0.0195507 0.0496778 0.0689446 0.0496756 0.1105979 0.0458137 0.0611671 0.0000000 0.1191238 0.1195939 0.2350205 0.0630473 0.2593465 0.2530329 0.2350211 0.3627694 0.3633945 0.0000030 0.0017477 0.0070279 0.3562259 0.3522112 0.2261344 0.2433320 0.3358235 0.3643980 0.2199150 0.2195023 0.2440863 0.2443969 0.3220254 0.3388348 0.2118264 0.2144894 0.3387664 0.1127681 0.3276174 0.2387368 0.3476203 0.2144894 0.3474126 0.3566828 0.2069274 0.1939014 0.3363168 0.2440863 0.3670821 0.3503073 0.3424842 0.1058203 0.2302797 0.2141470 0.0034996 0.3490398 0.3362768 0.3385166 0.3392299 0.4174228 0.3252701 0.3388348 0.1069390 0.0996918 0.3516834 0.3336458 0.3509711 0.3482215 0.3277386 0.3442527 0.2076991 0.2538265 0.2935889 0.3484877 0.3557304 0.3451054 0.2156224 0.3557304 0.0338349 0.0344782 0.0691171 0.0592857 0.3329330 0.2204625 0.3518141 0.2148783 0.2440356 0.2521793 0.2180121 0.2310355 0.2545622 0.0177174 0.0177174 0.0195279 0.1108051 0.3455977 0.3659051 0.3329220 0.1064348 0.0177043 0.3181946 0.3493495 0.2129320 0.3322905 0.2109104 0.0495938 0.2541936 0.3206839 0.3320808 0.2115016 
OQ821645.1|Nicaragua|NA|NA|Dengue_4|2022-09-10|2022.6904109589                   0.0087905 0.3009392 0.1087002 0.1215206 0.1342226 0.1214961 0.1204086 0.1193608 0.1277897 0.1191238 0.0000000 0.0177640 0.2236572 0.1276586 0.2288103 0.2228879 0.2249694 0.3698329 0.3704887 0.1212818 0.1235208 0.1300755 0.3560720 0.3507924 0.2134474 0.2331905 0.3103679 0.3514418 0.2126340 0.2122462 0.2411524 0.2414534 0.2939223 0.3217946 0.2047340 0.2073357 0.3498087 0.0159116 0.2904375 0.2358870 0.3305612 0.2073357 0.3303666 0.3322213 0.2114906 0.1962739 0.3248034 0.2411524 0.3499066 0.3332620 0.3251783 0.0995286 0.2252640 0.2189980 0.1255355 0.3386462 0.3129267 0.3214974 0.3057427 0.3807427 0.2912949 0.3217946 0.1125759 0.1052627 0.3502651 0.3165535 0.3338836 0.3309666 0.3218054 0.3326646 0.2030625 0.2333682 0.2739461 0.3310552 0.3523099 0.3278676 0.2060702 0.3523099 0.1112140 0.1042998 0.1150059 0.1064157 0.3203988 0.2156047 0.3182794 0.2101308 0.2338434 0.2252434 0.2131936 0.2210256 0.2235309 0.1105314 0.1105314 0.1127257 0.1189022 0.3495238 0.3586942 0.3103468 0.1120491 0.1104229 0.2993596 0.3297866 0.2082009 0.3318851 0.1967183 0.1042761 0.2259775 0.3072713 0.3151016 0.2002783 
OQ821646.1|El_Salvador|NA|NA|Dengue_4|2022-08-24|2022.64383561644                0.0159576 0.2909136 0.1091224 0.1220030 0.1391063 0.1219781 0.1208811 0.1198326 0.1326095 0.1195939 0.0177640 0.0000000 0.2251328 0.1324728 0.2352431 0.2292270 0.2260523 0.3532764 0.3538868 0.1217623 0.1240125 0.1305994 0.3398486 0.3345914 0.2143396 0.2343169 0.3065964 0.3350409 0.2136248 0.2132324 0.2423336 0.2426387 0.2901291 0.3115179 0.2056730 0.2082915 0.3356562 0.0123825 0.2865937 0.2370323 0.3202337 0.2082915 0.3200478 0.3219384 0.2124942 0.1996060 0.3145059 0.2373795 0.3394168 0.3229301 0.3147312 0.1052235 0.2263366 0.2200360 0.1260363 0.3281849 0.3028175 0.3112343 0.3019612 0.3770875 0.2875308 0.3115179 0.1130142 0.1056637 0.3341034 0.3173561 0.3235238 0.3205210 0.3116423 0.3222433 0.2039958 0.2345121 0.2701405 0.3205040 0.3417216 0.3174464 0.2070253 0.3417216 0.1160423 0.1047007 0.1197018 0.1068265 0.3046996 0.2166175 0.3145927 0.2111059 0.2300502 0.2227702 0.2141917 0.2220878 0.2246116 0.1109608 0.1109608 0.1131657 0.1151433 0.3331998 0.3421534 0.3065808 0.1124832 0.1108514 0.2892972 0.3137843 0.2066688 0.3158912 0.1976181 0.1046767 0.2270738 0.2971987 0.3048905 0.2012037 
OQ821650.1|Dominica|NA|NA|Dengue_4|2013-08-21|2013.63561643836                   0.2236887 0.2989612 0.2273818 0.2182524 0.2518199 0.2303064 0.2360499 0.2238503 0.2496896 0.2350205 0.2236572 0.2251328 0.0000000 0.2493906 0.1546039 0.1489522 0.0157454 0.3059523 0.3064565 0.2379345 0.2379345 0.2410924 0.3000479 0.3082426 0.0693445 0.0440114 0.2666556 0.2994402 0.0338941 0.0401008 0.0566467 0.0566915 0.2575767 0.3016917 0.0359354 0.0338615 0.3132667 0.2211629 0.2584068 0.0524801 0.3046612 0.0338615 0.3138700 0.3141358 0.2284853 0.2309046 0.3120758 0.0503511 0.3148290 0.3040650 0.3030372 0.1614221 0.0461067 0.0378385 0.2434773 0.3083279 0.2893875 0.2912961 0.2722392 0.3466840 0.2684972 0.3016917 0.2381809 0.2100196 0.3048189 0.3022658 0.3076040 0.3172824 0.2957864 0.3161069 0.0378190 0.1497637 0.2491045 0.3269616 0.3193688 0.3175519 0.0357920 0.3193688 0.2207936 0.2182212 0.2352327 0.2182909 0.3009797 0.0336949 0.2790091 0.0378294 0.0440881 0.1549069 0.0357269 0.1226339 0.1550100 0.2257566 0.2257566 0.2288018 0.2366973 0.2944500 0.3107505 0.2610038 0.2369316 0.2289690 0.3000250 0.2847030 0.0568224 0.2771377 0.0400596 0.2187120 0.1348863 0.3087436 0.2943439 0.0592752 
OQ821638.1|Cuba|NA|NA|Dengue_4|2022-07-21|2022.55068493151                       0.1254231 0.3241277 0.0572893 0.0592213 0.0052572 0.0553672 0.1039808 0.0611496 0.0000030 0.0630473 0.1276586 0.1324728 0.2493906 0.0000000 0.2520572 0.2458690 0.2426679 0.3685539 0.3691955 0.0650043 0.0670043 0.0689130 0.3619248 0.3453871 0.2359994 0.2509780 0.3256211 0.3574057 0.2218986 0.2214813 0.2541618 0.2544929 0.2949843 0.3344222 0.2138024 0.2164678 0.3553874 0.1254865 0.3038625 0.2487455 0.3432281 0.2164678 0.3430232 0.3523125 0.2135591 0.2030426 0.3318899 0.2541618 0.3627192 0.3515231 0.3380123 0.1132235 0.2378027 0.2215801 0.0689050 0.3446248 0.3318982 0.3341086 0.3157732 0.3850853 0.3027413 0.3344222 0.1130271 0.1098147 0.3448786 0.3292047 0.3409805 0.3494394 0.3233394 0.3454434 0.2150209 0.2558372 0.2902873 0.3497200 0.3555091 0.3463027 0.2207099 0.3555091 0.0617437 0.0475797 0.0871119 0.0729336 0.3209203 0.2224512 0.3282343 0.2222514 0.2517154 0.2479602 0.2200014 0.2437293 0.2507902 0.0552531 0.0552531 0.0572154 0.1124925 0.3512878 0.3530878 0.3172314 0.1124963 0.0552071 0.3172001 0.3358083 0.2251994 0.3378843 0.2231762 0.0591642 0.2475727 0.3316297 0.3276652 0.2212312 
OQ579521.1|Philippines|NA|NA|Dengue_4|2016-07-15|2016.53424657534                0.2285216 0.3222575 0.2461004 0.2543994 0.2543864 0.2495364 0.2327890 0.2603140 0.2523469 0.2593465 0.2288103 0.2352431 0.1546039 0.2520572 0.0000000 0.0151354 0.1602352 0.3379639 0.3385489 0.2622574 0.2653849 0.2685794 0.3375333 0.3247661 0.1716354 0.1632718 0.3030162 0.3209960 0.1472118 0.1469702 0.1643680 0.1645460 0.2845639 0.3225583 0.1468612 0.1468612 0.3404032 0.2313046 0.2880002 0.1717787 0.3231181 0.1468612 0.3229231 0.3226669 0.2695518 0.2616406 0.3181786 0.1691840 0.3343469 0.3219177 0.3309645 0.1916926 0.1639808 0.1465716 0.2677392 0.3175586 0.3114563 0.3098769 0.2883738 0.3644043 0.2819321 0.3225583 0.2455400 0.2218928 0.3184987 0.2981546 0.3254292 0.3212145 0.3108298 0.3241211 0.1347445 0.0113348 0.2723525 0.3314409 0.3377017 0.3212145 0.1299776 0.3377017 0.2476083 0.2455128 0.2402802 0.2314086 0.3100712 0.1468139 0.2893079 0.1443414 0.1636814 0.0117702 0.1491466 0.0676279 0.0170616 0.2452068 0.2452068 0.2482504 0.2422260 0.3349792 0.3366066 0.3006849 0.2389475 0.2475429 0.3205100 0.3147458 0.1491343 0.3227673 0.1330351 0.2318349 0.0327390 0.3203927 0.3005415 0.1528835 
OQ579507.1|Philippines|NA|NA|Dengue_4|2016-03-15|2016.2                          0.2226118 0.3141882 0.2399016 0.2481265 0.2481884 0.2432937 0.2326751 0.2539753 0.2461505 0.2530329 0.2228879 0.2292270 0.1489522 0.2458690 0.0151354 0.0000000 0.1499747 0.3355646 0.3361433 0.2559089 0.2589943 0.2621447 0.3351385 0.3166164 0.1663035 0.1581247 0.3055304 0.3127858 0.1375391 0.1419542 0.1591697 0.1593391 0.2870539 0.3144835 0.1418502 0.1418502 0.3378497 0.2253625 0.2905017 0.1665090 0.3150223 0.1418502 0.3148345 0.3145854 0.2664552 0.2586017 0.3100838 0.1639438 0.3261275 0.3138660 0.3227745 0.1857594 0.1588005 0.1465291 0.2613388 0.3094686 0.3091567 0.3018903 0.2852343 0.3682583 0.2788473 0.3144835 0.2454111 0.2160093 0.3103864 0.2902153 0.3173463 0.3188735 0.3029014 0.3217791 0.1347084 0.0094113 0.2748000 0.3290562 0.3294589 0.3188735 0.1299440 0.3294589 0.2414348 0.2393482 0.2401572 0.2312954 0.3020721 0.1440344 0.2862093 0.1393588 0.1585155 0.0078120 0.1463522 0.0633510 0.0132131 0.2390445 0.2390445 0.2420479 0.2367659 0.3266329 0.3342224 0.3089337 0.2328651 0.2413702 0.3181740 0.3065769 0.1490903 0.3145823 0.1281374 0.2317212 0.0287592 0.3180620 0.2926108 0.1477735 
OQ821649.1|Jamaica|NA|NA|Dengue_4|2016-03-21|2016.21643835616                    0.2222810 0.3236533 0.2228576 0.2122254 0.2448648 0.2230327 0.2310358 0.2174665 0.2429311 0.2350211 0.2249694 0.2260523 0.0157454 0.2426679 0.1602352 0.1499747 0.0000000 0.3464381 0.3470085 0.2376607 0.2404798 0.2433550 0.3436319 0.3425441 0.0811133 0.0611148 0.2849391 0.3374497 0.0519419 0.0558259 0.0710799 0.0711338 0.2801252 0.3335633 0.0538190 0.0518521 0.3551835 0.2224416 0.2772675 0.0671990 0.3396841 0.0518521 0.3450469 0.3419796 0.2493408 0.2517606 0.3434329 0.0671565 0.3494912 0.3357028 0.3429237 0.1674712 0.0631412 0.0515429 0.2426795 0.3399150 0.3209417 0.3202798 0.2964895 0.3756566 0.2922407 0.3335633 0.2329138 0.2099121 0.3420483 0.3285410 0.3418718 0.3498575 0.3243388 0.3515075 0.0495730 0.1554148 0.2711870 0.3552460 0.3477067 0.3501389 0.0476929 0.3477067 0.2167887 0.2121980 0.2327259 0.2171450 0.3294800 0.0476164 0.3025165 0.0495856 0.0612243 0.1603724 0.0495114 0.1371209 0.1602518 0.2214223 0.2214223 0.2241600 0.2316053 0.3316209 0.3453353 0.2918833 0.2318047 0.2243141 0.3247561 0.3231308 0.0752432 0.3186706 0.0556294 0.2126254 0.1487546 0.3355198 0.3231757 0.0776708 
OQ521652.1|Viet_Nam|NA|NA|Dengue_4|2022-06-15|2022.45205479452                   0.3534300 0.1212576 0.3535194 0.3674004 0.3691888 0.3741653 0.3903276 0.3680681 0.3689667 0.3627694 0.3698329 0.3532764 0.3059523 0.3685539 0.3379639 0.3355646 0.3464381 0.0000000 0.0034988 0.3659824 0.3695131 0.3602824 0.0362476 0.0571250 0.3288686 0.3392560 0.2500898 0.0495574 0.3278020 0.3270107 0.3313450 0.3253323 0.2511267 0.1375025 0.3179513 0.3211862 0.0383564 0.3550825 0.2376122 0.3171952 0.1376451 0.3211862 0.1376010 0.1396985 0.2869576 0.2728100 0.1358892 0.3139713 0.1445621 0.1308221 0.1533509 0.2978102 0.3254511 0.3089092 0.3717410 0.1333075 0.1344624 0.1264149 0.2361366 0.2579794 0.2170696 0.1375025 0.4002950 0.3715438 0.0570918 0.1395182 0.1396847 0.1514825 0.1324883 0.1514968 0.3071119 0.3332083 0.2378484 0.1526604 0.1473495 0.1515768 0.3041908 0.1473495 0.3657900 0.3603010 0.3779769 0.3567054 0.1224480 0.3100026 0.2435216 0.3018463 0.3349437 0.3354659 0.3126711 0.3321941 0.3456638 0.3630824 0.3630824 0.3666023 0.3857014 0.0419945 0.0890724 0.2545942 0.3939823 0.3624102 0.1343714 0.0476826 0.3005564 0.0324569 0.3186592 0.3542654 0.3401186 0.1390635 0.1218817 0.3151233 
OQ521659.1|Viet_Nam|NA|NA|Dengue_4|2022-05-15|2022.36712328767                   0.3540346 0.1256247 0.3541174 0.3680423 0.3698324 0.3748284 0.3910325 0.3687129 0.3696100 0.3633945 0.3704887 0.3538868 0.3064565 0.3691955 0.3385489 0.3361433 0.3470085 0.0034988 0.0000000 0.3666174 0.3701598 0.3666667 0.0400072 0.0610190 0.3350062 0.3397983 0.2554932 0.0534112 0.3283199 0.3275249 0.3373697 0.3313142 0.2565601 0.1420168 0.3184411 0.3216851 0.0423437 0.3615339 0.2429448 0.3231259 0.1421660 0.3216851 0.1421196 0.1442271 0.2927058 0.2784915 0.1404095 0.3198836 0.1491399 0.1352884 0.1579789 0.3053023 0.3314426 0.3093745 0.3723922 0.1378029 0.1389234 0.1308480 0.2414649 0.2637014 0.2221907 0.1420168 0.4010386 0.3721930 0.0609831 0.1440388 0.1442126 0.1561117 0.1369445 0.1561265 0.3075700 0.3337463 0.2431263 0.1573343 0.1519665 0.1562096 0.3046415 0.1519665 0.3664497 0.3609197 0.3786524 0.3573206 0.1268711 0.3104679 0.2488431 0.3022921 0.3354777 0.3360334 0.3131428 0.3327321 0.3462375 0.3637094 0.3637094 0.3672407 0.3864023 0.0458027 0.0931904 0.2600738 0.3947089 0.3630336 0.1388302 0.0515268 0.3010024 0.0361841 0.3191524 0.3548664 0.3406773 0.1435609 0.1262772 0.3156099 
OQ567859.1|Paraguay|Lambare|NA|Dengue_4|2020-01-07|2020.01643835616              0.1190679 0.3281424 0.0213601 0.0496511 0.0709207 0.0496493 0.1127253 0.0458131 0.0631206 0.0000030 0.1212818 0.1217623 0.2379345 0.0650043 0.2622574 0.2559089 0.2376607 0.3659824 0.3666174 0.0000000 0.0017469 0.0070243 0.3593830 0.3553732 0.2287724 0.2459758 0.3389165 0.3676333 0.2224711 0.2220510 0.2467413 0.2470575 0.3250412 0.3418947 0.2143453 0.2170203 0.3420233 0.1149061 0.3306888 0.2413708 0.3507118 0.2170203 0.3505011 0.3598083 0.2094643 0.1964086 0.3393736 0.2467413 0.3702617 0.3534051 0.3456047 0.1085073 0.2328744 0.2167027 0.0034981 0.3521552 0.3393001 0.3415716 0.3423512 0.4210649 0.3282751 0.3418947 0.1090651 0.1017754 0.3548366 0.3366991 0.3540790 0.3513510 0.3307339 0.3473627 0.2102137 0.2565426 0.2964741 0.3516508 0.3588772 0.3482215 0.2181723 0.3588772 0.0357712 0.0344602 0.0710978 0.0612351 0.3359728 0.2230271 0.3549425 0.2174139 0.2466913 0.2549994 0.2205690 0.2336734 0.2572910 0.0195184 0.0195184 0.0213351 0.1129375 0.3487364 0.3691667 0.3360074 0.1085511 0.0195039 0.3211821 0.3525012 0.2154694 0.3353598 0.2134462 0.0515105 0.2540121 0.3236727 0.3351087 0.2140451 
OQ567870.1|Paraguay|Itagua|NA|Dengue_4|2020-01-17|2020.04383561644               0.1212965 0.3314051 0.0231864 0.0515980 0.0729435 0.0515959 0.1149277 0.0477447 0.0651158 0.0017477 0.1235208 0.1240125 0.2379345 0.0670043 0.2653849 0.2589943 0.2404798 0.3695131 0.3701598 0.0017469 0.0000000 0.0052579 0.3628472 0.3588403 0.2315839 0.2488045 0.3422961 0.3711902 0.2251911 0.2247627 0.2495827 0.2499051 0.3283263 0.3452395 0.2170203 0.2197099 0.3455851 0.1171207 0.3340392 0.2441860 0.3540975 0.2197099 0.3538833 0.3632378 0.2121558 0.1990604 0.3427135 0.2495827 0.3737582 0.3567995 0.3490191 0.1112889 0.2356422 0.2194188 0.0052573 0.3555684 0.3426027 0.3449108 0.3457643 0.4251151 0.3315507 0.3452395 0.1112641 0.1039261 0.3582934 0.3400333 0.3574849 0.3547793 0.3340001 0.3507667 0.2128817 0.2594563 0.2995973 0.3551165 0.3623296 0.3516328 0.2208830 0.3623296 0.0377342 0.0363483 0.0731254 0.0632253 0.3392916 0.2257565 0.3583720 0.2201088 0.2495335 0.2580242 0.2232887 0.2364881 0.2602189 0.0213351 0.0213351 0.0231591 0.1151452 0.3521732 0.3727538 0.3393768 0.1107396 0.0213192 0.3244335 0.3559548 0.2181651 0.3387108 0.2161388 0.0534620 0.2569161 0.3269271 0.3384136 0.2167464 
OQ567872.1|Paraguay|Pilar|NA|Dengue_4|2021-02-22|2021.14246575342                0.1278250 0.3281855 0.0286745 0.0574100 0.0748643 0.0574069 0.1171578 0.0535164 0.0670228 0.0070279 0.1300755 0.1305994 0.2410924 0.0689130 0.2685794 0.2621447 0.2433550 0.3602824 0.3666667 0.0070243 0.0052579 0.0000000 0.3537626 0.3497323 0.2293973 0.2516902 0.3333522 0.3618987 0.2279629 0.2275260 0.2474305 0.2477492 0.3195785 0.3419398 0.2197452 0.2224500 0.3361729 0.1193637 0.3251407 0.2420364 0.3507580 0.2224500 0.3505473 0.3598557 0.2046381 0.1916168 0.3394185 0.2474305 0.3703106 0.3534516 0.3456510 0.1114285 0.2335022 0.2271231 0.0105643 0.3522019 0.3393445 0.3416166 0.3367454 0.4148015 0.3228403 0.3419398 0.1177249 0.1102576 0.3492099 0.3367437 0.3541257 0.3513979 0.3307773 0.3474090 0.2204669 0.2624305 0.2974121 0.3516982 0.3532737 0.3482680 0.2285676 0.3532737 0.0436152 0.0420055 0.0791452 0.0691496 0.3360172 0.2285381 0.3493602 0.2228543 0.2524331 0.2611124 0.2309917 0.2393586 0.2632079 0.0267965 0.0267965 0.0286403 0.1173808 0.3431180 0.3633904 0.3304486 0.1171705 0.0267761 0.3212246 0.3468704 0.2209114 0.3298282 0.2188817 0.0592852 0.2598800 0.3302575 0.3351528 0.2194982 
OQ427040.1|Viet_Nam|Nha_Trang|NA|Dengue_4|2019-01-04|2019.00821917808            0.3401306 0.1204546 0.3539670 0.3620213 0.3625488 0.3616760 0.3637154 0.3556960 0.3623264 0.3562259 0.3560720 0.3398486 0.3000479 0.3619248 0.3375333 0.3351385 0.3436319 0.0362476 0.0400072 0.3593830 0.3628472 0.3537626 0.0000000 0.0529785 0.3284801 0.3301133 0.2380648 0.0454917 0.3164046 0.3156634 0.3331635 0.3271655 0.2390306 0.1276949 0.3068037 0.3099575 0.0342112 0.3416549 0.2307402 0.3136465 0.1278229 0.3099575 0.1277840 0.1298453 0.2704630 0.2647333 0.1260799 0.3104416 0.1254746 0.1296879 0.1431889 0.2835439 0.3154294 0.3070601 0.3650609 0.1235701 0.1292782 0.1168554 0.2271031 0.2368569 0.2058310 0.1276949 0.3730580 0.3455700 0.0529483 0.1342374 0.1298331 0.1413317 0.1228378 0.1413450 0.2974186 0.3294842 0.2261616 0.1424062 0.1416294 0.1414180 0.2945466 0.1416294 0.3597056 0.3537877 0.3744581 0.3558897 0.1129375 0.3065134 0.2372320 0.2922187 0.3312681 0.3350618 0.3091677 0.3218272 0.3418500 0.3565241 0.3565241 0.3530774 0.3588844 0.0342525 0.0763446 0.2474174 0.3739315 0.3558783 0.1334641 0.0398346 0.2962011 0.0249316 0.3140844 0.3547087 0.3363377 0.1381167 0.1124319 0.2997311 
OQ427050.1|Viet_Nam|Nha_Trang|NA|Dengue_4|2019-01-21|2019.05479452055            0.3349234 0.1181875 0.3430862 0.3567312 0.3460016 0.3563967 0.3597566 0.3504361 0.3429293 0.3522112 0.3507924 0.3345914 0.3082426 0.3453871 0.3247661 0.3166164 0.3425441 0.0571250 0.0610190 0.3553732 0.3588403 0.3497323 0.0529785 0.0000000 0.3177848 0.3336598 0.2401184 0.0249329 0.3193185 0.3185676 0.3267282 0.3272345 0.2410926 0.1342047 0.3096911 0.3128535 0.0521620 0.3307459 0.2278695 0.3127496 0.1343416 0.3128535 0.1342995 0.1363734 0.2708378 0.2597059 0.1325997 0.3095620 0.1411633 0.1318972 0.1454523 0.2929733 0.3136773 0.3045523 0.3610726 0.1346300 0.1312261 0.1232601 0.2242403 0.2363202 0.2078622 0.1342047 0.3690876 0.3471633 0.0140906 0.1318924 0.1363602 0.1479909 0.1292707 0.1480048 0.2966143 0.3154280 0.2287752 0.1491264 0.1441903 0.1480819 0.2876704 0.1441903 0.3405646 0.3429265 0.3633751 0.3392210 0.1193304 0.2995373 0.2343467 0.2967023 0.3293773 0.3168860 0.3021650 0.3143562 0.3274689 0.3456423 0.3456423 0.3490555 0.3548577 0.0398901 0.0703876 0.2450984 0.3757217 0.3450268 0.1311374 0.0379289 0.2832252 0.0304446 0.3015135 0.3438087 0.3220759 0.1314782 0.1187873 0.3065100 
OP941689.1|Indonesia|Bengkulu|NA|Dengue_4|2021-03-14|2021.19726027397            0.2032582 0.3073172 0.2188991 0.2186291 0.2439174 0.2141052 0.2249678 0.2189916 0.2337199 0.2261344 0.2134474 0.2143396 0.0693445 0.2359994 0.1716354 0.1663035 0.0811133 0.3288686 0.3350062 0.2287724 0.2315839 0.2293973 0.3284801 0.3177848 0.0000000 0.0763836 0.2863504 0.3180274 0.0810204 0.0809163 0.0543401 0.0543797 0.2765629 0.3131655 0.0829769 0.0808661 0.3377350 0.2084795 0.2752215 0.0582808 0.3192175 0.0808661 0.3245798 0.3270861 0.2466727 0.2481189 0.3295778 0.0562468 0.3255376 0.3153486 0.3155821 0.1677309 0.0503682 0.0745518 0.2338049 0.3194182 0.3036350 0.3065280 0.2885109 0.3681354 0.2747629 0.3131655 0.2290254 0.2086062 0.3173479 0.3081550 0.3214466 0.3229425 0.3042919 0.3257408 0.0724428 0.1612917 0.2581326 0.3260401 0.3270016 0.3229425 0.0704735 0.3270016 0.2280107 0.2131097 0.2338687 0.2236515 0.3089686 0.0663664 0.2977824 0.0704021 0.0765289 0.1638758 0.0683517 0.1377383 0.1685798 0.2174804 0.2174804 0.2202304 0.2305223 0.3178335 0.3291657 0.2780173 0.2257095 0.2203882 0.3138117 0.3072900 0.0867988 0.3037880 0.0768141 0.2135442 0.1495973 0.3137148 0.3030000 0.0933498 
OP952227.1|Australia|NA|NA|Dengue_4|2016-10-12|2016.77808219178                  0.2304923 0.3163794 0.2311958 0.2173776 0.2531559 0.2281498 0.2343653 0.2225960 0.2512478 0.2433320 0.2331905 0.2343169 0.0440114 0.2509780 0.1632718 0.1581247 0.0611148 0.3392560 0.3397983 0.2459758 0.2488045 0.2516902 0.3301133 0.3336598 0.0763836 0.0000000 0.2784924 0.3285962 0.0551882 0.0552087 0.0607218 0.0607660 0.2686864 0.3131917 0.0532267 0.0512835 0.3538529 0.2306618 0.2709776 0.0569254 0.3190531 0.0512835 0.3188748 0.3266731 0.2442659 0.2542312 0.3226439 0.0568911 0.3283918 0.3206484 0.3219500 0.1738926 0.0454396 0.0492456 0.2459758 0.3192473 0.3180493 0.3005696 0.2957959 0.3662447 0.2821788 0.3131917 0.2412375 0.2181278 0.3331958 0.3083377 0.3212123 0.3302000 0.3045903 0.3318413 0.0473008 0.1516657 0.2594341 0.3335721 0.3211533 0.3304546 0.0454407 0.3211533 0.2299391 0.2173499 0.2410405 0.2205565 0.3156495 0.0416295 0.2965677 0.0473127 0.0105803 0.1563829 0.0434943 0.1336629 0.1608602 0.2297064 0.2297064 0.2324554 0.2349418 0.3277556 0.3307904 0.2793010 0.2401009 0.2276887 0.3174271 0.3147469 0.0745674 0.3112842 0.0571015 0.2209377 0.1451054 0.3226524 0.3086188 0.0710933 
OP411000.1|Singapore|NA|NA|Dengue_4|2017-10-15|2017.78630136986                  0.3016908 0.2352291 0.3157712 0.3041256 0.3262153 0.3141218 0.3195184 0.3074236 0.3259836 0.3358235 0.3103679 0.3065964 0.2666556 0.3256211 0.3030162 0.3055304 0.2849391 0.2500898 0.2554932 0.3389165 0.3422961 0.3333522 0.2380648 0.2401184 0.2863504 0.2784924 0.0000000 0.2357008 0.2639978 0.2634517 0.2750778 0.2754536 0.0287758 0.2454521 0.2610504 0.2581691 0.2523216 0.3019821 0.0268733 0.2620195 0.2457879 0.2581691 0.2456726 0.2479898 0.1391113 0.1381895 0.2383884 0.2750778 0.2490797 0.2525775 0.2630557 0.2387650 0.2774222 0.2472311 0.3445390 0.2465446 0.2202797 0.2274535 0.1548563 0.1131066 0.1189244 0.2454521 0.3336669 0.3199861 0.2448225 0.2359038 0.2423134 0.2503937 0.2284922 0.2521232 0.2541752 0.2899208 0.0573743 0.2526750 0.2579860 0.2505713 0.2501917 0.2579860 0.3120505 0.3095642 0.3083143 0.2999418 0.2268269 0.2683372 0.1592294 0.2492684 0.2793515 0.2911693 0.2708583 0.2932077 0.2961614 0.3199675 0.3199675 0.3232480 0.3253923 0.2420151 0.2410008 0.0798896 0.3331554 0.3177617 0.2457329 0.2283849 0.2649761 0.2223468 0.2700473 0.2984185 0.2812072 0.2463958 0.2214871 0.2824895 
OP503428.1|Viet_Nam|NA|NA|Dengue_4|2012-12-31|2012.99726027397                   0.3353725 0.1100258 0.3493544 0.3632558 0.3580351 0.3629035 0.3719791 0.3568445 0.3578080 0.3643980 0.3514418 0.3350409 0.2994402 0.3574057 0.3209960 0.3127858 0.3374497 0.0495574 0.0534112 0.3676333 0.3711902 0.3618987 0.0454917 0.0249329 0.3180274 0.3285962 0.2357008 0.0000000 0.3140959 0.3133553 0.3215895 0.3156121 0.2422901 0.1240890 0.3044243 0.3076010 0.0462002 0.3368795 0.2289664 0.3075119 0.1259638 0.3076010 0.1259256 0.1234732 0.2803424 0.2662999 0.1242154 0.3043006 0.1327105 0.1235589 0.1395931 0.2867520 0.3084637 0.2992495 0.3734273 0.1262276 0.1229425 0.1149980 0.2302777 0.2368851 0.2136041 0.1240890 0.3816175 0.3534423 0.0249202 0.1278297 0.1217154 0.1394732 0.1209888 0.1394864 0.2913060 0.3118168 0.2348043 0.1405342 0.1400452 0.1395584 0.2823256 0.1400452 0.3470044 0.3491814 0.3716256 0.3471430 0.1110730 0.3049300 0.2404505 0.2913934 0.3242500 0.3165140 0.3075930 0.3090322 0.3239210 0.3519426 0.3519426 0.3554218 0.3671558 0.0325055 0.0666045 0.2490225 0.3825722 0.3513019 0.1228578 0.0305820 0.2839280 0.0231886 0.3025011 0.3517339 0.3184923 0.1274337 0.1105768 0.3011893 
OP600498.1|Malaysia|NA|NA|Dengue_4|2021-11-15|2021.87123287671                   0.2100305 0.3022590 0.2080489 0.1977796 0.2240559 0.2082269 0.2084975 0.2028636 0.2221356 0.2199150 0.2126340 0.2136248 0.0338941 0.2218986 0.1472118 0.1375391 0.0519419 0.3278020 0.3283199 0.2224711 0.2251911 0.2279629 0.3164046 0.3193185 0.0810204 0.0551882 0.2639978 0.3140959 0.0000000 0.0141654 0.0650251 0.0650733 0.2592955 0.3106171 0.0123637 0.0105764 0.3375007 0.2101744 0.2615830 0.0611820 0.3165264 0.0105764 0.3217699 0.3187985 0.2227363 0.2273386 0.3201472 0.0611443 0.3259385 0.3127571 0.3194228 0.1444667 0.0571838 0.0399224 0.2273586 0.3205776 0.3039999 0.2979104 0.2815680 0.3557842 0.2689060 0.3106171 0.2166679 0.2003655 0.3188846 0.3057188 0.3187114 0.3167655 0.2966985 0.3184507 0.0418030 0.1412750 0.2502393 0.3255512 0.3225246 0.3170102 0.0399487 0.3225246 0.2104600 0.1977545 0.2176786 0.2025543 0.3067741 0.0418449 0.2881501 0.0418136 0.0552852 0.1455120 0.0437201 0.1189897 0.1503813 0.2067462 0.2067462 0.2093892 0.2089835 0.3124281 0.3152923 0.2698669 0.2265344 0.2095482 0.3085770 0.3004298 0.0689207 0.2962152 0.0515276 0.1981379 0.1213894 0.3084929 0.3007011 0.0693527 
OP600511.1|Malaysia|NA|NA|Dengue_4|2022-07-15|2022.53424657534                   0.2096501 0.3015773 0.2076677 0.1974274 0.2236332 0.2078454 0.2109555 0.2024977 0.2217172 0.2195023 0.2122462 0.2132324 0.0401008 0.2214813 0.1469702 0.1419542 0.0558259 0.3270107 0.3275249 0.2220510 0.2247627 0.2275260 0.3156634 0.3185676 0.0809163 0.0552087 0.2634517 0.3133553 0.0141654 0.0000000 0.0689525 0.0690043 0.2587634 0.3098981 0.0088109 0.0070347 0.3366275 0.2097933 0.2610440 0.0650906 0.3157852 0.0070347 0.3156084 0.3180505 0.2223152 0.2269014 0.3177551 0.0650499 0.3251595 0.3120324 0.3186632 0.1386897 0.0610597 0.0436838 0.2269248 0.3198179 0.3033158 0.3034504 0.2839405 0.3489860 0.2707383 0.3098981 0.2191531 0.2000100 0.3181368 0.3050164 0.3179642 0.3160153 0.2960370 0.3176966 0.0455760 0.1410613 0.2497436 0.3247602 0.3217515 0.3162586 0.0437130 0.3217515 0.2100563 0.1974024 0.2172720 0.2021893 0.3060723 0.0456218 0.2899628 0.0455876 0.0591520 0.1427457 0.0475073 0.1146143 0.1501478 0.2063709 0.2063709 0.2090063 0.2162541 0.3116963 0.3210070 0.2642141 0.2261044 0.2043875 0.3025548 0.2997449 0.0728705 0.2955483 0.0553786 0.1977840 0.1212160 0.3077884 0.3000220 0.0733307 
OP600506.1|Malaysia|NA|NA|Dengue_4|2020-07-15|2020.53424657534                   0.2384167 0.3105090 0.2319037 0.2235109 0.2563464 0.2294729 0.2423765 0.2287951 0.2544357 0.2440863 0.2411524 0.2423336 0.0566467 0.2541618 0.1643680 0.1591697 0.0710799 0.3313450 0.3373697 0.2467413 0.2495827 0.2474305 0.3331635 0.3267282 0.0543401 0.0607218 0.2750778 0.3215895 0.0650251 0.0689525 0.0000000 0.0035077 0.2652099 0.3072593 0.0669070 0.0649095 0.3437274 0.2336859 0.2675154 0.0213504 0.3131302 0.0649095 0.3183488 0.3207907 0.2344030 0.2391842 0.3193639 0.0177362 0.3224726 0.3093961 0.3041507 0.1683530 0.0286356 0.0589364 0.2467413 0.3133174 0.2954888 0.2946507 0.2915810 0.3751431 0.2721641 0.3072593 0.2443646 0.2210779 0.3262791 0.3023852 0.3153113 0.3177802 0.2987147 0.3194498 0.0569465 0.1548201 0.2666987 0.3209919 0.3206368 0.3180239 0.0550604 0.3206368 0.2338284 0.2234821 0.2441629 0.2235524 0.2981398 0.0549705 0.2915615 0.0531445 0.0608297 0.1597286 0.0568748 0.1320320 0.1641241 0.2304038 0.2304038 0.2331646 0.2429830 0.3172997 0.3237832 0.2766671 0.2432107 0.2333124 0.3115343 0.3078343 0.0847319 0.3035766 0.0669709 0.2239388 0.1434983 0.3167931 0.2974231 0.0811314 
OP600507.1|Malaysia|NA|NA|Dengue_4|2020-10-15|2020.78630136986                   0.2387121 0.3047127 0.2321913 0.2237811 0.2566813 0.2297557 0.2426814 0.2290755 0.2547677 0.2443969 0.2414534 0.2426387 0.0566915 0.2544929 0.1645460 0.1593391 0.0711338 0.3253323 0.3313142 0.2470575 0.2499051 0.2477492 0.3271655 0.3272345 0.0543797 0.0607660 0.2754536 0.3156121 0.0650733 0.0690043 0.0035077 0.0000000 0.2655652 0.3014313 0.0669569 0.0649575 0.3372533 0.2339727 0.2678753 0.0213640 0.3072593 0.0649575 0.3124560 0.3148903 0.2346953 0.2394880 0.3134432 0.0177473 0.3165202 0.3035707 0.2982908 0.1654743 0.0323210 0.0589791 0.2470575 0.3074380 0.2898206 0.2889444 0.2919976 0.3684817 0.2725292 0.3014313 0.2446761 0.2213411 0.3267833 0.2965803 0.3094423 0.3118485 0.2930153 0.3135256 0.0569874 0.1549728 0.2670517 0.3149736 0.3146713 0.3120863 0.0550998 0.3146713 0.2341295 0.2237522 0.2444737 0.2238230 0.2923916 0.0550098 0.2919710 0.0531823 0.0608740 0.1598953 0.0569157 0.1321534 0.1642905 0.2306867 0.2306867 0.2334531 0.2432899 0.3113694 0.3177958 0.2770488 0.2435189 0.2336010 0.3057071 0.3019956 0.0847988 0.2977920 0.0670209 0.2242104 0.1436353 0.3109516 0.2916952 0.0811950 
ON799402.1|India|NA|NA|Dengue_4|2020-06-15|2020.45205479452                      0.2854773 0.2252548 0.3023784 0.2910083 0.2955421 0.3007216 0.2999125 0.2942235 0.2953102 0.3220254 0.2939223 0.2901291 0.2575767 0.2949843 0.2845639 0.2870539 0.2801252 0.2511267 0.2565601 0.3250412 0.3283263 0.3195785 0.2390306 0.2410926 0.2765629 0.2686864 0.0287758 0.2422901 0.2592955 0.2587634 0.2652099 0.2655652 0.0000000 0.2358360 0.2563645 0.2534987 0.2534282 0.2857373 0.0215122 0.2522567 0.2361527 0.2534987 0.2360445 0.2383537 0.1343717 0.1334198 0.2288186 0.2652099 0.2417633 0.2429344 0.2485696 0.2267093 0.2675505 0.2376545 0.3305607 0.2368624 0.2109944 0.2180000 0.1550915 0.1089912 0.1191055 0.2358360 0.3199445 0.3004826 0.2458190 0.2263448 0.2383136 0.2400074 0.2191013 0.2417453 0.2445830 0.2789543 0.0574634 0.2479159 0.2430960 0.2401756 0.2405776 0.2430960 0.2918063 0.2963462 0.2950572 0.2808090 0.2168752 0.2585899 0.1594671 0.2452956 0.2695018 0.2733860 0.2610976 0.2883158 0.2790010 0.3065436 0.3065436 0.3097334 0.3054194 0.2430093 0.2419843 0.0759938 0.3075315 0.3043725 0.2356171 0.2237893 0.2653514 0.2232294 0.2602088 0.2792736 0.2644482 0.2313535 0.2121295 0.2725061 
