101
OR875963.1|Senegal|NA|NA|Dengue_3|2022-08-15|2022.61917808219                   0.0000000 0.0103401 0.2725670 0.2861061 0.0498170 0.0832595 0.0908299 0.0077011 0.0468542 0.2603543 0.2902250 0.3065520 0.0032952 0.0552476 0.0061267 0.3085320 0.2926372 0.2891126 0.0829332 0.2847776 0.2600694 0.0235385 0.0891687 0.0910554 0.0852962 0.2413358 0.1333919 0.2471591 0.0681378 0.0678494 0.1402434 0.2860182 0.2743720 0.2884504 0.1426751 0.0758057 0.0683434 0.2940726 0.2397455 0.0774738 0.0426656 0.1320111 0.1412958 0.2726512 0.2698207 0.2778417 0.2863797 0.2619663 0.0832996 0.2722179 0.1257631 0.1259622 0.0720400 0.0682408 0.0719240 0.2902354 0.0774756 0.2918065 0.2584622 0.2658801 0.0234947 0.0394801 0.2498088 0.1150463 0.2595459 0.3329293 0.2838365 0.0777789 0.2873111 0.2406495 0.2714826 0.2630754 0.0680665 0.2518363 0.2510760 0.2450079 0.2422842 0.2481011 0.2837280 0.2789200 0.1244332 0.0572301 0.0572301 0.1277839 0.0811818 0.1254568 0.1317565 0.0644015 0.0537573 0.1225919 0.1228514 0.2498652 0.2625079 0.1255306 0.2268172 0.2520334 0.2764024 0.2522833 0.2477124 0.1314847 0.2294943 
OR977072.1|USA|FL|NA|Dengue_3|2023-10-13|2023.78082191781                       0.0103401 0.0000000 0.2829581 0.2959441 0.0575447 0.0909822 0.0987782 0.0162383 0.0545201 0.2707298 0.3018213 0.3190473 0.0068754 0.0651695 0.0085903 0.3147476 0.3043754 0.2991051 0.0904349 0.2923296 0.2703603 0.0316885 0.1011469 0.1031452 0.0970369 0.2524525 0.1414773 0.2557306 0.0768841 0.0746186 0.1487376 0.2944940 0.2840711 0.2988672 0.1491572 0.0850121 0.0771325 0.3021056 0.2491422 0.0867456 0.0518620 0.1423564 0.1477390 0.2856509 0.2770199 0.2886930 0.2940588 0.2716676 0.0929218 0.2709641 0.1352609 0.1354840 0.0849432 0.0770085 0.0808920 0.3018325 0.0847126 0.2978723 0.2679338 0.2788461 0.0298299 0.0485815 0.2506402 0.1265832 0.2691285 0.3472885 0.2923756 0.0871004 0.3010854 0.2488525 0.2843464 0.2754655 0.0767998 0.2584149 0.2626965 0.2614640 0.2585586 0.2566635 0.2912904 0.2866363 0.1339201 0.0652423 0.0652423 0.1328866 0.0906525 0.1331465 0.1397844 0.0729366 0.0637362 0.1319994 0.1343401 0.2615049 0.2748132 0.1349941 0.2365107 0.2640288 0.2809259 0.2694298 0.2592485 0.1394819 0.2422757 
PP234923.1|Philippines|NA|NA|Dengue_3|2019-07-01|2019.49589041096               0.2725670 0.2829581 0.0000000 0.1729022 0.2818890 0.2895512 0.2791984 0.2758654 0.2700143 0.1609773 0.1770813 0.1862564 0.2725766 0.2997319 0.2712204 0.1951889 0.1747177 0.1752749 0.2888469 0.1640722 0.2563638 0.2781858 0.2822133 0.2848892 0.2709113 0.1492210 0.2440263 0.1447204 0.2637596 0.2775085 0.2616425 0.0560176 0.1639180 0.1684096 0.2642739 0.2762945 0.2788935 0.1787540 0.2416172 0.2872089 0.2698071 0.2815839 0.2632186 0.1538912 0.1438191 0.1676819 0.1644252 0.0411038 0.2962069 0.1594662 0.2472523 0.2532728 0.2780790 0.2722196 0.2772419 0.1770871 0.2770180 0.0612584 0.0482870 0.1509278 0.2800951 0.2760263 0.2256453 0.2436596 0.0376195 0.3330027 0.1772798 0.2731172 0.0781456 0.1441348 0.1621301 0.1558062 0.2683696 0.1500064 0.1442814 0.1465565 0.1443497 0.1460404 0.1783491 0.1593815 0.2510170 0.2527051 0.2527051 0.2503979 0.2768449 0.2388440 0.2473488 0.2684051 0.2326837 0.2557804 0.2307285 0.1430077 0.1578229 0.2424244 0.2328586 0.1581228 0.1615127 0.1582640 0.1535617 0.2412578 0.2238710 
OR393932.1|Sri_Lanka|NA|NA|Dengue_3|2018-09-25|2018.73150684932                 0.2861061 0.2959441 0.1729022 0.0000000 0.2875188 0.3035494 0.3029572 0.2858685 0.2784558 0.1001629 0.0391459 0.0461904 0.2861163 0.2993234 0.2778799 0.0420582 0.0594439 0.0016448 0.2852728 0.0268913 0.2788913 0.2762386 0.2910587 0.2937758 0.2820017 0.0842187 0.2824773 0.0878827 0.2903117 0.2931942 0.2822692 0.1752156 0.0269394 0.0304064 0.2858700 0.2728694 0.2783941 0.0462721 0.2456106 0.2956771 0.2772061 0.2703130 0.2848829 0.0885173 0.0905805 0.0501801 0.0201023 0.1563383 0.3049162 0.1281780 0.2646313 0.2674693 0.2775735 0.2666063 0.2716592 0.0391470 0.2888771 0.1808611 0.1671412 0.0803236 0.2832468 0.2867441 0.2343301 0.2656848 0.1584545 0.3480240 0.0391178 0.3002085 0.1744197 0.0875405 0.0904013 0.0882648 0.2899048 0.0854969 0.0876332 0.0917559 0.0897628 0.0893651 0.0287217 0.0465983 0.2690502 0.2704127 0.2704127 0.2621567 0.2902218 0.2669313 0.2759914 0.2780020 0.2556294 0.2750786 0.2574939 0.0802016 0.0901548 0.2589267 0.2488722 0.0835767 0.0483862 0.0857339 0.0805148 0.2694590 0.2370923 
OR229981.1|Guadeloupe|NA|NA|Dengue_3|2020-08-15|2020.61917808219                0.0498170 0.0575447 0.2818890 0.2875188 0.0000000 0.0814676 0.0891442 0.0478271 0.0135481 0.2708258 0.2976115 0.3079709 0.0498185 0.0607946 0.0488741 0.3096189 0.3027964 0.2905462 0.0775243 0.2861735 0.2661924 0.0392545 0.0914405 0.0933410 0.0836067 0.2590349 0.1276628 0.2511134 0.0627981 0.0661761 0.1306300 0.2853994 0.2867216 0.2950123 0.1286778 0.0796385 0.0721253 0.3016707 0.2456479 0.0720801 0.0409965 0.1222177 0.1272556 0.2747780 0.2841088 0.2876646 0.2877947 0.2660846 0.0778629 0.2784461 0.1200993 0.1202897 0.0646566 0.0610041 0.0646566 0.2976222 0.0757926 0.2912368 0.2576617 0.2727059 0.0391809 0.0413409 0.2413473 0.1054896 0.2636394 0.3347083 0.2910871 0.0723653 0.2895935 0.2424100 0.2735857 0.2808179 0.0664925 0.2585042 0.2529443 0.2671391 0.2642946 0.2547581 0.2902610 0.2862243 0.1206282 0.0591733 0.0591733 0.1221123 0.0720643 0.1157668 0.1219921 0.0627223 0.0464188 0.1169006 0.1062762 0.2721189 0.2645049 0.1158899 0.2278483 0.2697507 0.2836714 0.2645457 0.2649773 0.1177453 0.2304498 
OR364401.1|China|Guangzhou|NA|Dengue_3|2023-06-20|2023.46575342466              0.0832595 0.0909822 0.2895512 0.3035494 0.0814676 0.0000000 0.0205516 0.0868401 0.0767478 0.2730297 0.3098087 0.3098170 0.0832621 0.0852198 0.0760349 0.3283808 0.3195624 0.3035494 0.0346821 0.3030360 0.2465083 0.0699081 0.0976698 0.1016118 0.0956021 0.2786891 0.1345728 0.2734695 0.0383723 0.0490919 0.1546000 0.2895325 0.3036586 0.3123175 0.1398740 0.0911938 0.0912708 0.3193801 0.2412463 0.0240725 0.0678960 0.1415199 0.1419751 0.2806636 0.2954866 0.3037129 0.3048471 0.2782279 0.0312103 0.2852285 0.1289575 0.1335842 0.0853932 0.0775852 0.0814065 0.2991504 0.0329564 0.2928871 0.2669604 0.2886991 0.0735410 0.0724192 0.2396380 0.1137824 0.2681357 0.3238047 0.2976759 0.0474357 0.2863314 0.2669719 0.2793988 0.2902212 0.0493185 0.2795046 0.2780948 0.2880904 0.2850821 0.2748878 0.3084469 0.2978250 0.1295450 0.0701030 0.0701030 0.1310329 0.0365127 0.1347036 0.1370565 0.0699946 0.0638206 0.1300098 0.1367457 0.2821035 0.2801612 0.1287113 0.2355362 0.2824091 0.2889864 0.2802369 0.2823858 0.1388473 0.2331654 
OR364402.1|China|Guangzhou|NA|Dengue_3|2023-06-15|2023.45205479452              0.0908299 0.0987782 0.2791984 0.3029572 0.0891442 0.0205516 0.0000000 0.0933010 0.0825906 0.2731625 0.3090651 0.3090731 0.0908327 0.0946782 0.0854947 0.3242513 0.3220742 0.3060504 0.0374193 0.3024572 0.2427626 0.0757573 0.1012585 0.1051367 0.0992212 0.2737316 0.1417806 0.2692189 0.0375371 0.0480215 0.1574330 0.2842236 0.3030634 0.3115156 0.1470895 0.0989580 0.0990420 0.3236908 0.2322657 0.0287314 0.0737616 0.1445540 0.1457196 0.2806089 0.2900067 0.3064797 0.3042212 0.2732880 0.0340137 0.2850703 0.1257452 0.1302373 0.0912143 0.0834845 0.0872621 0.2986596 0.0322420 0.2900446 0.2647778 0.2884630 0.0793320 0.0782874 0.2333622 0.1192084 0.2659120 0.3203766 0.2972231 0.0466069 0.2836350 0.2623488 0.2793734 0.2908384 0.0446105 0.2745634 0.2731671 0.2878662 0.2849272 0.2700540 0.3077319 0.2973679 0.1220334 0.0741053 0.0741053 0.1277658 0.0322357 0.1378301 0.1401524 0.0739922 0.0639513 0.1225741 0.1312172 0.2770375 0.2751369 0.1255127 0.2267751 0.2798381 0.2887378 0.2774763 0.2798044 0.1398605 0.2221242 
OQ821569.1|Cuba|NA|NA|Dengue_3|2022-10-21|2022.80273972603                      0.0077011 0.0162383 0.2758654 0.2858685 0.0478271 0.0868401 0.0933010 0.0000000 0.0464874 0.2570465 0.3037510 0.3158604 0.0077014 0.0583544 0.0123642 0.3005112 0.2965037 0.2893866 0.0819974 0.2872836 0.2678406 0.0214141 0.0984390 0.1006706 0.0914484 0.2406306 0.1382264 0.2526515 0.0691019 0.0666428 0.1514722 0.2871387 0.2809903 0.2975896 0.1417615 0.0759585 0.0694146 0.2886955 0.2439487 0.0799870 0.0436747 0.1341309 0.1377508 0.2735662 0.2736145 0.2825749 0.2891817 0.2658494 0.0823382 0.2802030 0.1365636 0.1342862 0.0758890 0.0671527 0.0714367 0.3067879 0.0799889 0.2943680 0.2682493 0.2722368 0.0214148 0.0378838 0.2481660 0.1216900 0.2658516 0.3558728 0.2960900 0.0781782 0.2922891 0.2449836 0.2697685 0.2619295 0.0712205 0.2552776 0.2533077 0.2497581 0.2465624 0.2537171 0.2860748 0.2800080 0.1350664 0.0628052 0.0628052 0.1365740 0.0821376 0.1286763 0.1363316 0.0648149 0.0548614 0.1329113 0.1308963 0.2498008 0.2683080 0.1339013 0.2397660 0.2523353 0.2834547 0.2526267 0.2472913 0.1336478 0.2429621 
OQ821611.1|Saint_Lucia|NA|NA|Dengue_3|2020-11-07|2020.84931506849               0.0468542 0.0545201 0.2700143 0.2784558 0.0135481 0.0767478 0.0825906 0.0464874 0.0000000 0.2693463 0.2887130 0.2991331 0.0468556 0.0561262 0.0474167 0.3035518 0.2990013 0.2814783 0.0709703 0.2771626 0.2594091 0.0380052 0.0830193 0.0849204 0.0771551 0.2525602 0.1171026 0.2467704 0.0507377 0.0597158 0.1178264 0.2734873 0.2776871 0.2860005 0.1180201 0.0731856 0.0656449 0.2926273 0.2388266 0.0654992 0.0362143 0.1095994 0.1165530 0.2687192 0.2806853 0.2837806 0.2787289 0.2543786 0.0712776 0.2750117 0.1155783 0.1137428 0.0618412 0.0581550 0.0618412 0.2887235 0.0655019 0.2794156 0.2508809 0.2668356 0.0379331 0.0347104 0.2345012 0.0949994 0.2519316 0.3238999 0.2822115 0.0620469 0.2802565 0.2410604 0.2700607 0.2773665 0.0599984 0.2476293 0.2492641 0.2635620 0.2606952 0.2511060 0.2812052 0.2797687 0.1160898 0.0526507 0.0526507 0.1155821 0.0617858 0.1052137 0.1114072 0.0562241 0.0400049 0.1103034 0.0976530 0.2685966 0.2609117 0.1093485 0.2236708 0.2661302 0.2771990 0.2638054 0.2613788 0.1071882 0.2236914 
OQ821612.1|USA|Florida|NA|Dengue_3|2014-07-02|2014.49863013699                  0.2603543 0.2707298 0.1609773 0.1001629 0.2708258 0.2730297 0.2731625 0.2570465 0.2693463 0.0000000 0.0979876 0.0979876 0.2549401 0.2803767 0.2507363 0.1154582 0.0975259 0.1024650 0.2663705 0.0914328 0.2629294 0.2642476 0.2922643 0.2952366 0.2823616 0.0795467 0.2852228 0.0813292 0.2647272 0.2518145 0.2807851 0.1635025 0.0976629 0.0975695 0.2744429 0.2806891 0.2783492 0.1157468 0.2425419 0.2708731 0.2657817 0.2582632 0.2798495 0.0187167 0.0624598 0.0907572 0.0938147 0.1377534 0.2699768 0.1264281 0.2607774 0.2611363 0.2797731 0.2709732 0.2765192 0.0958041 0.2628584 0.1697661 0.1449705 0.0709999 0.2718403 0.2754448 0.2135721 0.2677662 0.1402041 0.3497271 0.0913596 0.2751002 0.1407403 0.0833262 0.0186955 0.0861308 0.2518261 0.0810747 0.0834246 0.0877790 0.0855813 0.0811499 0.0963179 0.0845534 0.2605379 0.2578529 0.2578529 0.2499437 0.2623303 0.2628085 0.2667160 0.2630195 0.2467849 0.2668925 0.2250864 0.0753528 0.0623938 0.2518667 0.2415606 0.0808960 0.0866948 0.0876066 0.0753601 0.2687173 0.2364397 
OQ826912.1|Bangladesh|NA|NA|Dengue_3|2019-06-15|2019.45205479452                0.2902250 0.3018213 0.1770813 0.0391459 0.2976115 0.3098087 0.3090651 0.3037510 0.2887130 0.0979876 0.0000000 0.0166735 0.2851525 0.3095634 0.2767380 0.0624314 0.0575380 0.0409303 0.2972258 0.0426264 0.2944410 0.2863140 0.3039280 0.3093017 0.3024755 0.0938082 0.2896283 0.0859892 0.2917474 0.2982233 0.2946407 0.1817926 0.0427071 0.0462775 0.2931491 0.2933204 0.2989659 0.0625149 0.2606000 0.3069609 0.2932172 0.2715944 0.2921941 0.0866075 0.0846698 0.0483205 0.0356890 0.1623683 0.3163798 0.1386679 0.2780345 0.2809312 0.2980455 0.2868397 0.2919628 0.0066017 0.2999905 0.1874395 0.1646752 0.0820906 0.2933518 0.2970218 0.2395180 0.2677726 0.1560354 0.3713787 0.0132958 0.3068269 0.1766144 0.0856546 0.0884882 0.1018310 0.2889173 0.0836194 0.0857455 0.0898512 0.0878645 0.0874769 0.0375209 0.0429971 0.2775234 0.2804207 0.2804207 0.2755269 0.3066326 0.2740068 0.2831529 0.2931727 0.2694231 0.2888050 0.2714380 0.0897143 0.0842762 0.2721983 0.2541112 0.0933066 0.0483442 0.0994459 0.0900670 0.2765476 0.2321140 
OQ826975.1|Bangladesh|NA|NA|Dengue_3|2021-06-15|2021.45205479452                0.3065520 0.3190473 0.1862564 0.0461904 0.3079709 0.3098170 0.3090731 0.3158604 0.2991331 0.0979876 0.0166735 0.0000000 0.3014092 0.3199508 0.2929782 0.0661749 0.0686473 0.0479984 0.3075704 0.0461551 0.2894299 0.2965484 0.3143733 0.3197923 0.3128559 0.1017399 0.2998077 0.0976677 0.3005669 0.3033599 0.3049722 0.1861876 0.0426461 0.0426785 0.3035190 0.2975577 0.2980213 0.0699298 0.2557342 0.3122060 0.3034762 0.2875919 0.3026091 0.0944940 0.0964188 0.0592257 0.0391893 0.1755554 0.3216870 0.1472365 0.2881819 0.2911128 0.3022641 0.2910612 0.2961748 0.0133054 0.3051711 0.1918342 0.1779181 0.0898546 0.3036118 0.3074593 0.2443432 0.2778419 0.1691214 0.3657507 0.0166847 0.3158561 0.1901618 0.0972847 0.0963932 0.1098853 0.3001421 0.0951920 0.0973871 0.1016108 0.0995785 0.0991256 0.0410393 0.0502136 0.2877536 0.2905900 0.2905900 0.2856586 0.3118665 0.2840615 0.2882431 0.2973617 0.2907355 0.2991612 0.2929958 0.0975743 0.0920958 0.2772275 0.2541183 0.1013568 0.0556242 0.1075832 0.0979608 0.2866240 0.2368561 
OQ706227.1|Brazil|Roraima|Boa_Vista|Dengue_3|2023-01-22|2023.05753424658        0.0032952 0.0068754 0.2725766 0.2861163 0.0498185 0.0832621 0.0908327 0.0077014 0.0468556 0.2549401 0.2851525 0.3014092 0.0000000 0.0552492 0.0020360 0.3031771 0.2875504 0.2891230 0.0829357 0.2797340 0.2649499 0.0235392 0.0929756 0.0948717 0.0890811 0.2366024 0.1374498 0.2423835 0.0681398 0.0678514 0.1443586 0.2860283 0.2743818 0.2884607 0.1426797 0.0758080 0.0683454 0.2889590 0.2445238 0.0774761 0.0426669 0.1320153 0.1413004 0.2677057 0.2648905 0.2728551 0.2812960 0.2619754 0.0833021 0.2673332 0.1298010 0.1300066 0.0757507 0.0682429 0.0719262 0.2851627 0.0774780 0.2918167 0.2584711 0.2610438 0.0234954 0.0394813 0.2450226 0.1190065 0.2595549 0.3384395 0.2788163 0.0777813 0.2873212 0.2359332 0.2665677 0.2582031 0.0680686 0.2470990 0.2463036 0.2450164 0.2422926 0.2433501 0.2786517 0.2739085 0.1284877 0.0608568 0.0608568 0.1318312 0.0811843 0.1294827 0.1358196 0.0644035 0.0537573 0.1266435 0.1228514 0.2450662 0.2576577 0.1295582 0.2315149 0.2471325 0.2713993 0.2522922 0.2429183 0.1355384 0.2342180 
OQ721957.1|India|NA|NA|Dengue_3|2022-06-15|2022.45205479452                     0.0552476 0.0651695 0.2997319 0.2993234 0.0607946 0.0852198 0.0946782 0.0583544 0.0561262 0.2803767 0.3095634 0.3199508 0.0552492 0.0000000 0.0555425 0.3197785 0.3120451 0.3023879 0.0829720 0.2978949 0.2749671 0.0427620 0.0851363 0.0870071 0.0812999 0.2703881 0.1377945 0.2602684 0.0682767 0.0753390 0.1486463 0.3084819 0.2984801 0.3068239 0.1389165 0.0852603 0.0814271 0.3135927 0.2543126 0.0775095 0.0339509 0.1364291 0.1416636 0.2914054 0.2834764 0.2967851 0.2996054 0.2834460 0.0833388 0.2916171 0.1258314 0.1303277 0.0776934 0.0701529 0.0738504 0.3095745 0.0775113 0.3142347 0.2748119 0.2841765 0.0444462 0.0395539 0.2452094 0.1153199 0.2809702 0.3542043 0.3029376 0.0779431 0.3102564 0.2535630 0.2901107 0.2873523 0.0720026 0.2648587 0.2641945 0.2686928 0.2658518 0.2611457 0.2969324 0.2979660 0.1245009 0.0645262 0.0645262 0.1278537 0.0774912 0.1257654 0.1380543 0.0645312 0.0537046 0.1226583 0.1281454 0.2736597 0.2759002 0.1255985 0.2316838 0.2735064 0.2954038 0.2654040 0.2686689 0.1358769 0.2290674 
OQ445900.2|Puerto_Rico|NA|NA|Dengue_3|2022-09-13|2022.69863013699               0.0061267 0.0085903 0.2712204 0.2778799 0.0488741 0.0760349 0.0854947 0.0123642 0.0474167 0.2507363 0.2767380 0.2929782 0.0020360 0.0555425 0.0000000 0.2947309 0.2833294 0.2815569 0.0759387 0.2639395 0.2333034 0.0207185 0.0809480 0.0808486 0.0739402 0.2281400 0.1226494 0.2479473 0.0601106 0.0575795 0.1384921 0.2782106 0.2635710 0.2735034 0.1312063 0.0715972 0.0647783 0.2876560 0.2156376 0.0669086 0.0421878 0.1233805 0.1345184 0.2643974 0.2608862 0.2653003 0.2675196 0.2522837 0.0763462 0.2461325 0.1259461 0.1261928 0.0692567 0.0601049 0.0623499 0.2767502 0.0715222 0.2823086 0.2455135 0.2498040 0.0206947 0.0313676 0.2284016 0.1049889 0.2463429 0.3320281 0.2690375 0.0718710 0.2643605 0.2432017 0.2594946 0.2542334 0.0622757 0.2482584 0.2498440 0.2410842 0.2410842 0.2461588 0.2723198 0.2590268 0.1212118 0.0534084 0.0534084 0.1259512 0.0715027 0.1252685 0.1305495 0.0577354 0.0406233 0.1189453 0.1223060 0.2380891 0.2455745 0.1256580 0.2062515 0.2366513 0.2630085 0.2498983 0.2295558 0.1226445 0.2064241 
OP941685.1|Indonesia|Bengkulu|NA|Dengue_3|2021-04-19|2021.29589041096           0.3085320 0.3147476 0.1951889 0.0420582 0.3096189 0.3283808 0.3242513 0.3005112 0.3035518 0.1154582 0.0624314 0.0661749 0.3031771 0.3197785 0.2947309 0.0000000 0.0745145 0.0420582 0.3149952 0.0456473 0.2952819 0.2954437 0.3221638 0.3250901 0.3123950 0.0988115 0.3082321 0.1106543 0.3077080 0.3105451 0.3083349 0.1871481 0.0421072 0.0457730 0.3057913 0.3059219 0.3042358 0.0605900 0.2652796 0.3133488 0.3079967 0.3007841 0.3095454 0.0993755 0.1013864 0.0647241 0.0384945 0.1774183 0.3265249 0.1434900 0.2913456 0.2975222 0.3064579 0.2947676 0.3000940 0.0587106 0.3124943 0.1958733 0.1888675 0.0948719 0.3027863 0.3067755 0.2426561 0.2904935 0.1747930 0.3697574 0.0567662 0.3163865 0.1946341 0.1104283 0.1013387 0.0989049 0.3008569 0.1041997 0.1105467 0.1109598 0.1088307 0.1123417 0.0440216 0.0553405 0.2994227 0.2945597 0.2945597 0.2918274 0.3140810 0.2916691 0.3014795 0.2972635 0.2890460 0.3056622 0.2924875 0.0945513 0.1029743 0.2882647 0.2630835 0.0915287 0.0649050 0.0912210 0.0909631 0.2943642 0.2615064 
OP952204.1|Australia|NA|NA|Dengue_3|2016-04-25|2016.31232876712                 0.2926372 0.3043754 0.1747177 0.0594439 0.3027964 0.3195624 0.3220742 0.2965037 0.2990013 0.0975259 0.0575380 0.0686473 0.2875504 0.3120451 0.2833294 0.0745145 0.0000000 0.0613220 0.3162888 0.0630553 0.2946755 0.2887241 0.3090311 0.3118073 0.2997649 0.0917481 0.2949448 0.0955926 0.3030297 0.3058045 0.2879341 0.1886296 0.0556253 0.0593043 0.2915472 0.2957744 0.3014420 0.0762363 0.2607505 0.3147166 0.3007756 0.2810000 0.2966899 0.0922122 0.0884693 0.0082830 0.0558599 0.1646584 0.3217264 0.1408347 0.2854890 0.2884148 0.3005079 0.2892588 0.2943966 0.0575397 0.3083377 0.1942937 0.1712639 0.0894722 0.2957780 0.2994952 0.2410840 0.2858851 0.1625344 0.3662340 0.0574937 0.3068498 0.1785970 0.0952184 0.0959792 0.0997369 0.2904331 0.0969704 0.0953187 0.0956465 0.0936370 0.0970552 0.0541757 0.0537815 0.2901723 0.2878945 0.2878945 0.2829665 0.3091299 0.2842632 0.2935691 0.2955980 0.2738638 0.2881277 0.2827437 0.0898340 0.0938856 0.2795864 0.2688053 0.0912164 0.0518989 0.0952352 0.0880180 0.2868325 0.2464916 
OQ103113.1|Sri_Lanka|NA|NA|Dengue_3|2020-01-01|2020                             0.2891126 0.2991051 0.1752749 0.0016448 0.2905462 0.3035494 0.3060504 0.2893866 0.2814783 0.1024650 0.0409303 0.0479984 0.2891230 0.3023879 0.2815569 0.0420582 0.0613220 0.0000000 0.2882609 0.0286284 0.2818028 0.2792029 0.2941145 0.2968471 0.2850037 0.0861993 0.2854492 0.0898715 0.2933576 0.2962203 0.2852746 0.1775972 0.0286800 0.0321598 0.2889040 0.2699226 0.2754180 0.0480839 0.2483687 0.2926392 0.2801569 0.2732463 0.2879277 0.0905240 0.0925987 0.0520184 0.0218203 0.1586228 0.3080452 0.1303364 0.2675257 0.2703797 0.2805650 0.2695388 0.2746131 0.0409315 0.2918948 0.1832514 0.1694693 0.0822878 0.2862351 0.2897909 0.2370454 0.2685963 0.1607469 0.3514673 0.0409007 0.3033176 0.1767882 0.0895208 0.0924137 0.0862756 0.2929445 0.0874661 0.0896155 0.0937609 0.0917588 0.0913497 0.0304721 0.0484239 0.2719868 0.2733447 0.2733447 0.2650411 0.2932642 0.2698320 0.2789506 0.2809682 0.2556294 0.2780548 0.2574939 0.0821625 0.0921616 0.2617862 0.2516204 0.0855853 0.0502179 0.0857339 0.0824841 0.2723714 0.2397974 
OP410998.1|Singapore|NA|NA|Dengue_3|2018-02-15|2018.12328767123                 0.0829332 0.0904349 0.2888469 0.2852728 0.0775243 0.0346821 0.0374193 0.0819974 0.0709703 0.2663705 0.2972258 0.3075704 0.0829357 0.0829720 0.0759387 0.3149952 0.3162888 0.2882609 0.0000000 0.2907878 0.2568488 0.0607957 0.0912265 0.0931218 0.0873350 0.2627487 0.1394710 0.2631602 0.0269954 0.0373102 0.1550194 0.2873208 0.2913505 0.2945189 0.1447301 0.0871093 0.0871803 0.3115846 0.2461734 0.0184112 0.0624947 0.1466301 0.1392223 0.2716897 0.2845035 0.3008426 0.2924442 0.2778171 0.0235776 0.2673787 0.1256247 0.1301105 0.0795276 0.0719702 0.0756744 0.2972365 0.0252367 0.2931432 0.2692728 0.2772837 0.0679589 0.0668149 0.2377996 0.1209845 0.2704348 0.3307631 0.2907132 0.0358407 0.2941800 0.2564055 0.2681694 0.2795181 0.0374720 0.2685009 0.2670913 0.2765980 0.2737205 0.2640236 0.2958499 0.2857470 0.1261804 0.0627760 0.0627760 0.1276426 0.0252320 0.1355385 0.1378440 0.0626825 0.0562592 0.1224568 0.1337902 0.2659667 0.2640729 0.1253927 0.2358532 0.2685021 0.2831983 0.2662082 0.2686917 0.1375582 0.2311901 
ON584420.1|Indonesia|Bali|NA|Dengue_3|2020-02-22|2020.14246575342               0.2847776 0.2923296 0.1640722 0.0268913 0.2861735 0.3030360 0.3024572 0.2872836 0.2771626 0.0914328 0.0426264 0.0461551 0.2797340 0.2978949 0.2639395 0.0456473 0.0630553 0.0286284 0.2907878 0.0000000 0.2797676 0.2749821 0.2948138 0.2975240 0.2857753 0.0879570 0.2711806 0.0916256 0.2838395 0.2867571 0.2737135 0.1663610 0.0269201 0.0303843 0.2772372 0.2817843 0.2873257 0.0497887 0.2466908 0.2951949 0.2818098 0.2691012 0.2762192 0.0807879 0.0943708 0.0537384 0.0166977 0.1519618 0.3044066 0.1323663 0.2634650 0.2662818 0.2864682 0.2754668 0.2805190 0.0391178 0.2833292 0.1719951 0.1626947 0.0802541 0.2819420 0.2853946 0.2260132 0.2645062 0.1540653 0.3483989 0.0390886 0.2935843 0.1656104 0.0912685 0.0826554 0.0920300 0.2834464 0.0892100 0.0913647 0.0955179 0.0935137 0.0892861 0.0287010 0.0430016 0.2678438 0.2692008 0.2692008 0.2610074 0.2897545 0.2608056 0.2697272 0.2767352 0.2622064 0.2716399 0.2641392 0.0839143 0.0900741 0.2578037 0.2499245 0.0873699 0.0483487 0.0934462 0.0842424 0.2633040 0.2382139 
ON055550.1|Thailand|NA|NA|Dengue_3|2012-08-06|2012.59452054795                  0.2600694 0.2703603 0.2563638 0.2788913 0.2661924 0.2465083 0.2427626 0.2678406 0.2594091 0.2629294 0.2944410 0.2894299 0.2649499 0.2749671 0.2333034 0.2952819 0.2946755 0.2818028 0.2568488 0.2797676 0.0000000 0.2450438 0.2780833 0.2808363 0.2781218 0.2467682 0.2720915 0.2607016 0.2526999 0.2516590 0.2875454 0.2672520 0.2704180 0.2783611 0.2817140 0.2803528 0.2707834 0.2975719 0.0355934 0.2551544 0.2572682 0.2865471 0.2857428 0.2610741 0.2597943 0.2800420 0.2791545 0.2468852 0.2586780 0.2625487 0.2550078 0.2659313 0.2749782 0.2692303 0.2741681 0.2894324 0.2550839 0.2633013 0.2543644 0.2641186 0.2493281 0.2603740 0.1379356 0.2510546 0.2398124 0.0800938 0.2939853 0.2617312 0.2600426 0.2548252 0.2655526 0.2628724 0.2579277 0.2564806 0.2550631 0.2620448 0.2592870 0.2615580 0.2882694 0.2781527 0.2592158 0.2529704 0.2529704 0.2519069 0.2501111 0.2626504 0.2657686 0.2628302 0.2295771 0.2678054 0.2606437 0.2498281 0.2747310 0.2591382 0.0773655 0.2534597 0.2700628 0.2449690 0.2524623 0.2700018 0.0813169 
ON123655.1|India|NA|NA|Dengue_3|2020-06-15|2020.45205479452                     0.0235385 0.0316885 0.2781858 0.2762386 0.0392545 0.0699081 0.0757573 0.0214141 0.0380052 0.2642476 0.2863140 0.2965484 0.0235392 0.0427620 0.0207185 0.2954437 0.2887241 0.2792029 0.0607957 0.2749821 0.2450438 0.0000000 0.0798232 0.0816887 0.0760023 0.2484219 0.1254595 0.2433261 0.0536687 0.0588449 0.1386024 0.2866891 0.2754912 0.2836531 0.1305112 0.0647301 0.0610234 0.2901442 0.2251180 0.0590756 0.0304807 0.1220350 0.1290969 0.2638143 0.2659458 0.2739517 0.2765058 0.2625566 0.0647042 0.2683875 0.1097234 0.1140664 0.0628527 0.0554958 0.0591162 0.2863242 0.0627137 0.2874750 0.2590395 0.2620652 0.0033010 0.0272476 0.2302871 0.1033912 0.2601296 0.3196556 0.2799423 0.0630581 0.2884764 0.2368415 0.2626962 0.2648883 0.0573062 0.2480506 0.2472595 0.2459736 0.2432364 0.2442912 0.2738704 0.2750145 0.1101967 0.0518846 0.0518846 0.1117025 0.0626987 0.1195734 0.1238138 0.0500169 0.0417807 0.1065069 0.1121956 0.2515524 0.2538063 0.1095299 0.2171005 0.2537733 0.2724941 0.2515433 0.2493819 0.1235599 0.2145307 
OM920055.1|Tanzania|NA|NA|Dengue_3|2018-03-28|2018.23561643836                  0.0891687 0.1011469 0.2822133 0.2910587 0.0914405 0.0976698 0.1012585 0.0984390 0.0830193 0.2922643 0.3039280 0.3143733 0.0929756 0.0851363 0.0809480 0.3221638 0.3090311 0.2941145 0.0912265 0.2948138 0.2780833 0.0798232 0.0000000 0.0016499 0.0099685 0.2622902 0.1385110 0.2825340 0.0762663 0.0834241 0.1413431 0.2857753 0.2851097 0.2934256 0.1479784 0.0896167 0.0896909 0.3116021 0.2570718 0.0856752 0.0798027 0.1393548 0.1466022 0.2943134 0.2884527 0.2937054 0.2965130 0.2711693 0.0916419 0.2835194 0.1326866 0.1372747 0.0819529 0.0780552 0.0818159 0.3039389 0.0856762 0.2916947 0.2625773 0.2810953 0.0815445 0.0805165 0.2481355 0.1198872 0.2637108 0.3597105 0.2947393 0.0823551 0.2802743 0.2754743 0.2879060 0.2880114 0.0838479 0.2878306 0.2843394 0.2863185 0.2833752 0.2832971 0.3114614 0.2978350 0.1307043 0.0485114 0.0485114 0.1347386 0.0818713 0.1345455 0.1368670 0.0686164 0.0591463 0.1295162 0.1378130 0.2741306 0.2785566 0.1324346 0.2436625 0.2790977 0.3004140 0.2733536 0.2790787 0.1365809 0.2361936 
OM920051.1|Tanzania|NA|NA|Dengue_3|2018-04-05|2018.25753424658                  0.0910554 0.1031452 0.2848892 0.2937758 0.0933410 0.1016118 0.1051367 0.1006706 0.0849204 0.2952366 0.3093017 0.3197923 0.0948717 0.0870071 0.0808486 0.3250901 0.3118073 0.2968471 0.0931218 0.2975240 0.2808363 0.0816887 0.0016499 0.0000000 0.0116409 0.2648440 0.1430567 0.2851477 0.0781283 0.0852947 0.1459448 0.2884717 0.2877987 0.2961460 0.1526521 0.0915152 0.0915914 0.3144120 0.2597407 0.0875605 0.0816683 0.1439415 0.1512846 0.2970114 0.2911269 0.2964050 0.2992479 0.2737697 0.0935478 0.2861519 0.1347263 0.1393343 0.0838306 0.0799197 0.0836896 0.3093129 0.0875613 0.2943895 0.2651370 0.2836940 0.0834108 0.0824004 0.2506499 0.1242590 0.2662891 0.3601227 0.2974498 0.0842422 0.2829508 0.2780468 0.2905696 0.2906815 0.0857304 0.2904357 0.2869513 0.2889659 0.2860085 0.2858955 0.3142684 0.3005622 0.1327394 0.0502981 0.0502981 0.1367838 0.0837463 0.1390627 0.1414139 0.0704543 0.0616001 0.1315622 0.1406057 0.2767430 0.2811724 0.1344690 0.2485587 0.2817773 0.3031488 0.2759958 0.2817039 0.1411162 0.2410534 
OM920063.1|Tanzania|NA|NA|Dengue_3|2018-01-20|2018.05205479452                  0.0852962 0.0970369 0.2709113 0.2820017 0.0836067 0.0956021 0.0992212 0.0914484 0.0771551 0.2823616 0.3024755 0.3128559 0.0890811 0.0812999 0.0739402 0.3123950 0.2997649 0.2850037 0.0873350 0.2857753 0.2781218 0.0760023 0.0099685 0.0116409 0.0000000 0.2594135 0.1323778 0.2738236 0.0686301 0.0757331 0.1395549 0.2743886 0.2761508 0.2843551 0.1417213 0.0817961 0.0818619 0.3074573 0.2571036 0.0818085 0.0721424 0.1331735 0.1403273 0.2853148 0.2745120 0.2847033 0.2873921 0.2601804 0.0877283 0.2747463 0.1284757 0.1286805 0.0742376 0.0704041 0.0741167 0.3024863 0.0818100 0.2803141 0.2517595 0.2724363 0.0777202 0.0727793 0.2506001 0.1178909 0.2528158 0.3524578 0.2907944 0.0746003 0.2764261 0.2669067 0.2840508 0.2791111 0.0761079 0.2791373 0.2756329 0.2774941 0.2745999 0.2746316 0.3020923 0.2887383 0.1265034 0.0412619 0.0412619 0.1305158 0.0780289 0.1284351 0.1307274 0.0610998 0.0516543 0.1252936 0.1291094 0.2654341 0.2698432 0.1282348 0.2436891 0.2701758 0.2912898 0.2645598 0.2703342 0.1304556 0.2362194 
OK180536.1|Indonesia|Yogyakarta|NA|Dengue_3|2016-10-31|2016.8301369863          0.2413358 0.2524525 0.1492210 0.0842187 0.2590349 0.2786891 0.2737316 0.2406306 0.2525602 0.0795467 0.0938082 0.1017399 0.2366024 0.2703881 0.2281400 0.0988115 0.0917481 0.0861993 0.2627487 0.0879570 0.2467682 0.2484219 0.2622902 0.2648440 0.2594135 0.0000000 0.2572525 0.0701173 0.2560148 0.2590643 0.2567844 0.1539965 0.0763880 0.0879618 0.2544896 0.2603682 0.2656853 0.0977117 0.2198912 0.2667299 0.2598760 0.2462053 0.2590555 0.0723822 0.0669439 0.0818638 0.0805073 0.1398019 0.2753585 0.1089821 0.2561311 0.2588882 0.2698873 0.2592710 0.2641773 0.0899657 0.2666503 0.1553585 0.1461022 0.0572891 0.2551493 0.2580995 0.2041127 0.2465975 0.1377649 0.3099159 0.0898855 0.2700783 0.1444060 0.0698500 0.0703814 0.0303967 0.2446435 0.0679090 0.0699241 0.0701407 0.0682461 0.0716283 0.0826353 0.0782181 0.2603745 0.2500264 0.2500264 0.2488680 0.2615798 0.2424355 0.2509377 0.2605771 0.2432509 0.2640594 0.2487501 0.0217697 0.0647413 0.2505954 0.2277928 0.0255295 0.0763386 0.0308438 0.0235005 0.2400674 0.2119117 
MZ505714.1|Costa_Rica|NA|NA|Dengue_3|2013-09-09|2013.68767123288                0.1333919 0.1414773 0.2440263 0.2824773 0.1276628 0.1345728 0.1417806 0.1382264 0.1171026 0.2852228 0.2896283 0.2998077 0.1374498 0.1377945 0.1226494 0.3082321 0.2949448 0.2854492 0.1394710 0.2711806 0.2720915 0.1254595 0.1385110 0.1430567 0.1323778 0.2572525 0.0000000 0.2590353 0.1112342 0.1350041 0.0392681 0.2499900 0.2766840 0.2848058 0.0375388 0.1461645 0.1421928 0.2963889 0.2536559 0.1336489 0.1232180 0.0909177 0.0359456 0.2799074 0.2778853 0.2801384 0.2776981 0.2341430 0.1401916 0.2754880 0.1261299 0.1222943 0.1337666 0.1294657 0.1335051 0.2896386 0.1295963 0.2509889 0.2268069 0.2625474 0.1292274 0.1203657 0.2520703 0.0500269 0.2218418 0.3619186 0.2920752 0.1218141 0.2513597 0.2523919 0.2786960 0.2759654 0.1317458 0.2595510 0.2581238 0.2652614 0.2624512 0.2599129 0.2920609 0.2862593 0.1266908 0.1194176 0.1194176 0.1198719 0.1295523 0.0269884 0.0321781 0.1192180 0.1113484 0.1272595 0.1285119 0.2674163 0.2704273 0.1218764 0.2486496 0.2678752 0.2837355 0.2730737 0.2652423 0.0286655 0.2507128 
MZ620638.1|New_Caledonia|NA|NA|Dengue_3|2014-02-12|2014.11506849315             0.2471591 0.2557306 0.1447204 0.0878827 0.2511134 0.2734695 0.2692189 0.2526515 0.2467704 0.0813292 0.0859892 0.0976677 0.2423835 0.2602684 0.2479473 0.1106543 0.0955926 0.0898715 0.2631602 0.0916256 0.2607016 0.2433261 0.2825340 0.2851477 0.2738236 0.0701173 0.2590353 0.0000000 0.2564204 0.2643171 0.2642248 0.1577979 0.0877322 0.0916310 0.2619199 0.2551293 0.2653325 0.0994682 0.2288990 0.2671489 0.2498939 0.2425581 0.2603129 0.0761131 0.0650381 0.0856467 0.0841660 0.1351537 0.2757888 0.1207844 0.2482607 0.2509801 0.2547871 0.2443749 0.2492134 0.0859919 0.2670689 0.1633344 0.1373170 0.0681288 0.2500169 0.2528797 0.2084230 0.2436117 0.1331387 0.3151495 0.0859163 0.2600721 0.1481725 0.0066363 0.0740945 0.0739918 0.2505252 0.0287111 0.0100038 0.0341316 0.0323605 0.0049677 0.0863116 0.0724100 0.2524017 0.2449340 0.2449340 0.2410682 0.2669089 0.2442547 0.2500360 0.2553902 0.2353679 0.2557366 0.2307367 0.0646146 0.0647485 0.2380356 0.2275699 0.0635186 0.0742714 0.0692675 0.0646211 0.2466574 0.2117287 
MW946808.1|Thailand|NA|NA|Dengue_3|2010-06-15|2010.45205479452                  0.0681378 0.0768841 0.2637596 0.2903117 0.0627981 0.0383723 0.0375371 0.0691019 0.0507377 0.2647272 0.2917474 0.3005669 0.0681398 0.0682767 0.0601106 0.3077080 0.3030297 0.2933576 0.0269954 0.2838395 0.2526999 0.0536687 0.0762663 0.0781283 0.0686301 0.2560148 0.1112342 0.2564204 0.0000000 0.0235111 0.1260135 0.2671586 0.2843812 0.2926734 0.1160617 0.0684586 0.0685112 0.3045383 0.2372936 0.0218801 0.0481982 0.1156419 0.1146127 0.2674472 0.2717595 0.2878566 0.2854455 0.2532972 0.0270978 0.2663006 0.1099158 0.1061385 0.0610746 0.0537318 0.0573466 0.2866337 0.0218823 0.2730419 0.2498448 0.2648545 0.0571693 0.0486081 0.2336553 0.0934700 0.2460421 0.3276594 0.2837639 0.0116629 0.2763405 0.2545501 0.2662987 0.2726951 0.0201839 0.2666688 0.2603703 0.2697862 0.2669257 0.2573230 0.2888156 0.2787919 0.1103913 0.0447656 0.0447656 0.1079465 0.0218783 0.1115412 0.1095787 0.0447011 0.0393375 0.1027364 0.1092013 0.2592012 0.2572991 0.1057863 0.2223796 0.2615954 0.2762462 0.2593251 0.2619188 0.1093573 0.2177339 
MW946870.1|Thailand|NA|NA|Dengue_3|2014-06-15|2014.45205479452                  0.0678494 0.0746186 0.2775085 0.2931942 0.0661761 0.0490919 0.0480215 0.0666428 0.0597158 0.2518145 0.2982233 0.3033599 0.0678514 0.0753390 0.0575795 0.3105451 0.3058045 0.2962203 0.0373102 0.2867571 0.2516590 0.0588449 0.0834241 0.0852947 0.0757331 0.2590643 0.1350041 0.2643171 0.0235111 0.0000000 0.1421356 0.2809671 0.2873029 0.2955315 0.1360888 0.0718458 0.0682192 0.3073117 0.2410760 0.0321466 0.0551401 0.1298424 0.1346963 0.2605791 0.2797146 0.2907330 0.2883702 0.2619317 0.0374553 0.2692838 0.1172870 0.1174714 0.0681171 0.0607253 0.0643584 0.2931199 0.0321494 0.2867747 0.2584275 0.2685991 0.0605367 0.0556113 0.2422195 0.1088413 0.2595111 0.3260132 0.2866826 0.0322741 0.2851271 0.2575882 0.2594834 0.2707242 0.0269480 0.2696213 0.2682233 0.2776911 0.2748274 0.2651690 0.2917256 0.2817551 0.1177974 0.0445866 0.0445866 0.1192784 0.0321431 0.1270865 0.1293448 0.0516349 0.0488722 0.1141029 0.1198027 0.2622404 0.2603567 0.1170762 0.2189184 0.2696574 0.2792294 0.2624156 0.2649402 0.1290794 0.2215376 
MZ008468.1|Nicaragua|NA|NA|Dengue_3|2014-06-15|2014.45205479452                 0.1402434 0.1487376 0.2616425 0.2822692 0.1306300 0.1546000 0.1574330 0.1514722 0.1178264 0.2807851 0.2946407 0.3049722 0.1443586 0.1486463 0.1384921 0.3083349 0.2879341 0.2852746 0.1550194 0.2737135 0.2875454 0.1386024 0.1413431 0.1459448 0.1395549 0.2567844 0.0392681 0.2642248 0.1260135 0.1421356 0.0000000 0.2522118 0.2764118 0.2846245 0.0322948 0.1449100 0.1409157 0.3015387 0.2685332 0.1490851 0.1322819 0.0972718 0.0306911 0.2783437 0.2857207 0.2732231 0.2825417 0.2415650 0.1513461 0.2752077 0.1350978 0.1312053 0.1324497 0.1281311 0.1321901 0.2946513 0.1449222 0.2532094 0.2388515 0.2621367 0.1403790 0.1355527 0.2718716 0.0576195 0.2391669 0.3741452 0.2971185 0.1325915 0.2663830 0.2574228 0.2771224 0.2815395 0.1430032 0.2695881 0.2632783 0.2805986 0.2776869 0.2650867 0.2971638 0.2839050 0.1357117 0.1263203 0.1263203 0.1287062 0.1407404 0.0358425 0.0411304 0.1218413 0.1202842 0.1317268 0.1293267 0.2727968 0.2708881 0.1266744 0.2633807 0.2733874 0.2813532 0.2786676 0.2705855 0.0375360 0.2654818 
MW720892.1|China|NA|NA|Dengue_3|2019-09-15|2019.70410958904                     0.2860182 0.2944940 0.0560176 0.1752156 0.2853994 0.2895325 0.2842236 0.2871387 0.2734873 0.1635025 0.1817926 0.1861876 0.2860283 0.3084819 0.2782106 0.1871481 0.1886296 0.1775972 0.2873208 0.1663610 0.2672520 0.2866891 0.2857753 0.2884717 0.2743886 0.1539965 0.2499900 0.1577979 0.2671586 0.2809671 0.2522118 0.0000000 0.1573016 0.1707099 0.2655100 0.2760759 0.2764842 0.1862876 0.2495946 0.2821377 0.2760565 0.2850896 0.2644549 0.1541776 0.1570116 0.1766444 0.1624114 0.0412541 0.2910688 0.1475265 0.2532754 0.2593831 0.2706471 0.2648518 0.2698455 0.1774273 0.2855758 0.0116769 0.0430619 0.1621894 0.2886013 0.2846190 0.2250967 0.2496819 0.0324498 0.3500953 0.1776208 0.2816632 0.0746804 0.1571533 0.1624334 0.1629609 0.2776348 0.1672985 0.1573117 0.1664393 0.1641451 0.1590758 0.1782887 0.1655848 0.2571069 0.2609538 0.2609538 0.2564732 0.2803304 0.2399247 0.2484813 0.2710249 0.2465265 0.2619884 0.2445854 0.1519064 0.1669443 0.2484043 0.2386098 0.1673902 0.1661092 0.1655476 0.1626127 0.2423516 0.2363417 
MW788899.1|Myanmar|Yangon|NA|Dengue_3|2019-02-15|2019.12328767123               0.2743720 0.2840711 0.1639180 0.0269394 0.2867216 0.3036586 0.3030634 0.2809903 0.2776871 0.0976629 0.0427071 0.0426461 0.2743818 0.2984801 0.2635710 0.0421072 0.0556253 0.0286800 0.2913505 0.0269201 0.2704180 0.2754912 0.2851097 0.2877987 0.2761508 0.0763880 0.2766840 0.0877322 0.2843812 0.2873029 0.2764118 0.1573016 0.0000000 0.0099404 0.2850762 0.2713128 0.2767856 0.0498853 0.2375379 0.2957775 0.2823399 0.2638155 0.2840893 0.0863562 0.0904230 0.0464561 0.0201234 0.1476397 0.3050250 0.1281847 0.2611316 0.2639447 0.2709279 0.2651129 0.2701226 0.0391909 0.2956717 0.1629092 0.1583076 0.0782221 0.2824726 0.2859442 0.2311029 0.2599986 0.1497315 0.3326478 0.0391616 0.2993504 0.1654551 0.0873912 0.0882309 0.0803549 0.2839860 0.0853520 0.0874836 0.0877753 0.0857998 0.0892122 0.0287528 0.0429681 0.2654912 0.2597072 0.2597072 0.2586741 0.2903177 0.2612667 0.2702191 0.2714099 0.2557210 0.2692732 0.2604851 0.0724477 0.0861704 0.2554800 0.2387469 0.0794536 0.0447441 0.0854373 0.0764768 0.2637729 0.2317896 
MW788902.1|Myanmar|Yangon|NA|Dengue_3|2018-07-15|2018.53424657534               0.2884504 0.2988672 0.1684096 0.0304064 0.2950123 0.3123175 0.3115156 0.2975896 0.2860005 0.0975695 0.0462775 0.0426785 0.2884607 0.3068239 0.2735034 0.0457730 0.0593043 0.0321598 0.2945189 0.0303843 0.2783611 0.2836531 0.2934256 0.2961460 0.2843551 0.0879618 0.2848058 0.0916310 0.2926734 0.2955315 0.2846245 0.1707099 0.0099404 0.0000000 0.2933917 0.2794834 0.2850163 0.0535051 0.2451719 0.3041979 0.2905390 0.2718365 0.2924381 0.0862852 0.0943769 0.0500654 0.0235542 0.1561934 0.3135676 0.1323828 0.2691136 0.2719603 0.2790790 0.2731846 0.2782333 0.0427408 0.3040844 0.1763484 0.1669840 0.0820646 0.2906730 0.2942914 0.2387883 0.2680157 0.1583072 0.3416849 0.0427085 0.3025868 0.1742532 0.0912738 0.0881579 0.0920356 0.2922630 0.0892149 0.0913701 0.0916793 0.0896881 0.0931017 0.0322423 0.0465620 0.2735726 0.2677238 0.2677238 0.2666373 0.2986822 0.2692499 0.2783296 0.2794920 0.2630084 0.2774329 0.2678659 0.0839183 0.0900793 0.2584456 0.2463374 0.0873746 0.0483484 0.0934522 0.0842465 0.2717796 0.2393339 
MW308181.1|Mexico|Puebla|NA|Dengue_3|2019-08-22|2019.63835616438                0.1426751 0.1491572 0.2642739 0.2858700 0.1286778 0.1398740 0.1470895 0.1417615 0.1180201 0.2744429 0.2931491 0.3035190 0.1426797 0.1389165 0.1312063 0.3057913 0.2915472 0.2889040 0.1447301 0.2772372 0.2817140 0.1305112 0.1479784 0.1526521 0.1417213 0.2544896 0.0375388 0.2619199 0.1160617 0.1360888 0.0322948 0.2655100 0.2850762 0.2933917 0.0000000 0.1473789 0.1433651 0.2990998 0.2628924 0.1388323 0.1241842 0.0954100 0.0083248 0.2701340 0.2774365 0.2767006 0.2861461 0.2441156 0.1410570 0.2686936 0.1290363 0.1251607 0.1389576 0.1304977 0.1345792 0.2931597 0.1347171 0.2664332 0.2413916 0.2654779 0.1343267 0.1253819 0.2589915 0.0575938 0.2417122 0.3684938 0.2956375 0.1265782 0.2690240 0.2551458 0.2689696 0.2733468 0.1284704 0.2624212 0.2609830 0.2782492 0.2753463 0.2627946 0.3009026 0.2845793 0.1296174 0.1243798 0.1243798 0.1227003 0.1346698 0.0341154 0.0393933 0.1201441 0.1179133 0.1256540 0.1380787 0.2647348 0.2628305 0.1247276 0.2527321 0.2651373 0.2820180 0.2703927 0.2625399 0.0322693 0.2550318 
MT261975.1|Burkina_Faso|Ouagadougou|NA|Dengue_3|2017-11-17|2017.87671232877     0.0758057 0.0850121 0.2762945 0.2728694 0.0796385 0.0911938 0.0989580 0.0759585 0.0731856 0.2806891 0.2933204 0.2975577 0.0758080 0.0852603 0.0715972 0.3059219 0.2957744 0.2699226 0.0871093 0.2817843 0.2803528 0.0647301 0.0896167 0.0915152 0.0817961 0.2603682 0.1461645 0.2551293 0.0684586 0.0718458 0.1449100 0.2760759 0.2713128 0.2794834 0.1473789 0.0000000 0.0234670 0.2972464 0.2544541 0.0777208 0.0646071 0.1409906 0.1415525 0.2762696 0.2755584 0.2807209 0.2782476 0.2577132 0.0875003 0.2651573 0.1240726 0.1242695 0.0338762 0.0269264 0.0303688 0.2933310 0.0816002 0.2819685 0.2541917 0.2693050 0.0664379 0.0651703 0.2571063 0.1192058 0.2552635 0.3523881 0.2868142 0.0744109 0.2862274 0.2484182 0.2750583 0.2714704 0.0683866 0.2654362 0.2591022 0.2685486 0.2656767 0.2560438 0.2928490 0.2847426 0.1246226 0.0610404 0.0610404 0.1220661 0.0741002 0.1380950 0.1404234 0.0463249 0.0491101 0.1187388 0.1205638 0.2636128 0.2609377 0.1198333 0.2460121 0.2712116 0.2770757 0.2674132 0.2713503 0.1401302 0.2391901 
