110
PP204092.1|Philippines|NA|NA|Dengue_1|2023-06-01|2023.41369863014                            0.0000000 0.2948996 0.3233160 0.3091895 0.3251877 0.3374346 0.2979309 0.3305257 0.3209031 0.3083250 0.3176881 0.3208387 0.0802407 0.0368454 0.3090935 0.3199491 0.3230291 0.3243595 0.3193266 0.3226881 0.3229379 0.3398087 0.3098761 0.3073619 0.3031873 0.3172015 0.3125470 0.2935614 0.3188172 0.3125470 0.1993545 0.3160585 0.3016039 0.3319935 0.3085286 0.3164360 0.3144920 0.3157710 0.3074238 0.3064973 0.2988848 0.3207355 0.2076066 0.2556313 0.2989014 0.3211116 0.3121002 0.3084676 0.3057914 0.3010653 0.3206906 0.3213293 0.2374562 0.3135224 0.3028091 0.3105041 0.3051619 0.3003588 0.3012901 0.3257176 0.2839817 0.2888958 0.3122316 0.3334652 0.3239627 0.3226275 0.2996799 0.3034709 0.3252214 0.3106245 0.3015909 0.2999391 0.3271623 0.2869631 0.3016803 0.3160585 0.3432907 0.3146168 0.3306563 0.3055769 0.3061281 0.3038017 0.3127817 0.3179471 0.3420884 0.3018413 0.3067581 0.3086246 0.3308515 0.3115368 0.2983580 0.3077499 0.2075277 1.0527212 0.0488731 0.3795927 0.1931326 0.3307850 0.3057031 0.3176880 0.3095512 0.3229678 0.3157468 0.3059683 0.3042549 0.1868808 0.3161467 0.2943779 0.2970606 0.3082263 
PP234962.1|Colombia|NA|NA|Dengue_1|2018-07-01|2018.49589041096                               0.2948996 0.0000000 0.2687398 0.0641371 0.2773681 0.1484968 0.1393765 0.0858073 0.0320655 0.0714027 0.1297372 0.2672937 0.2694950 0.2932153 0.2722157 0.0538564 0.2734804 0.2703209 0.2703209 0.2750581 0.2671199 0.0914151 0.2707821 0.2684717 0.1415617 0.0694817 0.1379315 0.2706121 0.2869762 0.1379315 0.2938580 0.2746037 0.2607706 0.0822921 0.1421683 0.1399737 0.0503953 0.2609540 0.2707444 0.2536412 0.2540516 0.0588530 0.2058691 0.2350477 0.2740409 0.2783768 0.0555504 0.0521242 0.0520431 0.2758563 0.1340486 0.2804670 0.2015450 0.0370502 0.2559189 0.2649992 0.2692951 0.2651771 0.2674367 0.1549031 0.0966677 0.2787966 0.2852249 0.0840035 0.0786411 0.0608138 0.2697970 0.1317051 0.0538544 0.2775547 0.2661584 0.2753875 0.1462820 0.2640692 0.2699204 0.2699969 0.1567012 0.1410040 0.0748817 0.2654141 0.2814574 0.2602373 0.0555904 0.0538693 0.0875735 0.2838705 0.2458564 0.0486763 0.2861417 0.2676040 0.2681916 0.1353832 0.2928799 0.8984195 0.2945966 0.3425150 0.2962112 0.0764308 0.0521242 0.2687134 0.2869428 0.0746240 0.0537250 0.0503953 0.0713265 0.2939246 0.0505882 0.2552497 0.2622815 0.2664924 
PP269617.1|Viet_Nam|NA|NA|Dengue_1|2015-09-19|2015.71506849315                               0.3233160 0.2687398 0.0000000 0.2960570 0.0238256 0.2979029 0.2937782 0.2858921 0.2647800 0.2918087 0.3001808 0.0205719 0.2839762 0.3102299 0.0802975 0.2869668 0.0206630 0.0222141 0.0254819 0.0222120 0.0806414 0.3129530 0.0770466 0.0752839 0.2807904 0.3017381 0.2884763 0.0661984 0.1413962 0.2884763 0.3095451 0.0189809 0.0770466 0.2899339 0.2832658 0.2974828 0.2759523 0.0715232 0.0772512 0.0679807 0.0643644 0.2700051 0.2596317 0.3046311 0.0573853 0.0872998 0.2885217 0.2703387 0.2825075 0.0595095 0.2797233 0.0255227 0.2283674 0.2888332 0.0625878 0.0125868 0.0752824 0.0662501 0.0646850 0.2767309 0.2662828 0.0810803 0.0386849 0.2884544 0.2818381 0.2837076 0.0751287 0.2797109 0.2861756 0.0420334 0.0733996 0.0714038 0.2879160 0.0714554 0.0748955 0.0157813 0.2940387 0.2860728 0.2780854 0.0190356 0.0859561 0.0625606 0.2805427 0.2711444 0.2995405 0.0565838 0.0591122 0.2805794 0.1427785 0.0695706 0.0539360 0.2689895 0.3382548 1.0417431 0.3200984 0.1203100 0.3022280 0.2806088 0.2711735 0.0683696 0.1392445 0.2732173 0.2773621 0.2759523 0.2640245 0.2998091 0.2799547 0.0696038 0.0488918 0.0173924 
OR581581.1|Italy|NA|NA|Dengue_1|2023-09-08|2023.68493150685                                  0.3091895 0.0641371 0.2960570 0.0000000 0.2937431 0.1507210 0.1395109 0.0909958 0.0577959 0.0592001 0.1395028 0.2937262 0.2888330 0.3122658 0.3035758 0.0659093 0.2955438 0.2906641 0.2969303 0.2913929 0.2938192 0.0932056 0.2974611 0.2950884 0.1360548 0.0607584 0.1362685 0.2760084 0.3119131 0.1362685 0.3188298 0.2965617 0.2927228 0.0874675 0.1601531 0.1447994 0.0157589 0.2869453 0.2977352 0.2793816 0.2798651 0.0672928 0.2109394 0.2418842 0.2870875 0.3107404 0.0078233 0.0674672 0.0141765 0.2979496 0.1300532 0.3032500 0.2181764 0.0590507 0.2909974 0.2913711 0.2960561 0.2915827 0.2939078 0.1532324 0.1078468 0.3018199 0.3219452 0.0920147 0.0732422 0.0454027 0.2966101 0.1300466 0.0221948 0.3139219 0.2927111 0.2974724 0.1484920 0.2959502 0.2917677 0.2965617 0.1550592 0.1393535 0.0730071 0.2887885 0.3086069 0.2907637 0.0503517 0.0589682 0.0889171 0.2901861 0.2758103 0.0336229 0.3066770 0.2937686 0.2810196 0.1319320 0.3244587 0.8984817 0.3137312 0.3676907 0.3115690 0.0852104 0.0402733 0.2952760 0.2956846 0.0833770 0.0385561 0.0189805 0.0694686 0.3092573 0.0354250 0.2812664 0.2797054 0.2927861 
OQ832615.1|Viet_Nam|Hanoi|NA|Dengue_1|2020-09-15|2020.70410958904                            0.3251877 0.2773681 0.0238256 0.2937431 0.0000000 0.3109239 0.2938230 0.2892157 0.2773186 0.2951758 0.2943625 0.0157721 0.2789076 0.3121135 0.0822157 0.2902666 0.0255220 0.0173959 0.0206350 0.0015589 0.0825693 0.3164799 0.0754218 0.0736589 0.2832123 0.2994110 0.2909163 0.0715350 0.1479331 0.2909163 0.3152257 0.0205881 0.0754218 0.2933055 0.2960079 0.3066263 0.2791980 0.0804435 0.0756217 0.0768476 0.0696760 0.2731922 0.2689601 0.3147215 0.0626261 0.0892879 0.2918584 0.2735333 0.2857854 0.0682876 0.2766371 0.0271514 0.2332582 0.2921754 0.0713523 0.0141776 0.0736574 0.0750965 0.0700289 0.2791321 0.2787604 0.0830219 0.0437415 0.2922525 0.2757490 0.2870118 0.0770270 0.2773832 0.2894985 0.0471222 0.0717777 0.0697876 0.3055908 0.0805078 0.0767863 0.0173810 0.3070532 0.2837472 0.2720186 0.0271648 0.0826169 0.0678490 0.2791407 0.2697215 0.3029789 0.0601577 0.0643690 0.2838527 0.1414301 0.0749285 0.0591423 0.2713693 0.3392083 1.0223084 0.3169578 0.1263418 0.3068191 0.2838861 0.2743865 0.0737588 0.1415105 0.2764429 0.2806002 0.2791980 0.2625589 0.3043984 0.2832456 0.0714700 0.0540575 0.0254819 
OQ593393.1|Cameroon|Mfou|NA|Dengue_1|2018-06-30|2018.49315068493                             0.3374346 0.1484968 0.2979029 0.1507210 0.3109239 0.0000000 0.1559506 0.1572782 0.1533871 0.1511698 0.1869707 0.3050737 0.3052958 0.3320677 0.3150782 0.1590248 0.3022035 0.3035733 0.3083616 0.3085272 0.2956625 0.1719398 0.3051611 0.3027484 0.1676417 0.1567505 0.1639670 0.2914191 0.2928023 0.1639670 0.3268425 0.2984170 0.3051611 0.1533855 0.0657782 0.1585084 0.1425424 0.3011328 0.3093447 0.2934040 0.2805794 0.1444734 0.2268926 0.2769923 0.2926266 0.3097984 0.1447666 0.1428227 0.1446242 0.2998277 0.1627985 0.3081193 0.2199998 0.1473304 0.2845528 0.2931710 0.3075573 0.2981472 0.2900240 0.1736308 0.1446903 0.3054018 0.3027052 0.1562501 0.1551885 0.1391709 0.3081354 0.1574307 0.1505544 0.3069627 0.3041123 0.3137680 0.0093903 0.2968081 0.3031192 0.2984170 0.0109610 0.1633725 0.1567952 0.2936680 0.3078715 0.2817892 0.1410832 0.1587683 0.1592035 0.3036032 0.2812491 0.1326233 0.3027437 0.3003334 0.2864817 0.1576065 0.3277218 0.9559189 0.3317781 0.3579521 0.3251357 0.1508260 0.1369605 0.3033753 0.2880419 0.1487334 0.1347857 0.1387180 0.1527764 0.3275156 0.1431316 0.2829631 0.2851851 0.2898645 
OQ714405.1|Israel|NA|NA|Dengue_1|2022-09-15|2022.70410958904                                 0.2979309 0.1393765 0.2937782 0.1395109 0.2938230 0.1559506 0.0000000 0.1475616 0.1397865 0.1400670 0.0089915 0.2911040 0.2465711 0.2863909 0.2931304 0.1529150 0.2986289 0.3056512 0.2896718 0.2911232 0.2947594 0.1660362 0.2983074 0.2983074 0.0465336 0.1446296 0.0408748 0.2721299 0.2867111 0.0408748 0.3123362 0.2997780 0.2955811 0.1454395 0.1649788 0.0409404 0.1241179 0.2719477 0.2993037 0.2660181 0.2665307 0.1479751 0.1169323 0.1632145 0.2924872 0.3004197 0.1331024 0.1440534 0.1283065 0.2804919 0.0403023 0.3067904 0.2093243 0.1334284 0.2686790 0.2884009 0.2895789 0.2824513 0.2816298 0.0450371 0.1510118 0.2923055 0.3064093 0.1477207 0.1385639 0.1397105 0.2931422 0.0293601 0.1309194 0.2943451 0.2890293 0.2909941 0.1557460 0.2909498 0.2904383 0.2878586 0.1519871 0.0163396 0.1468943 0.2889466 0.2922668 0.2631920 0.1307813 0.1392746 0.1498467 0.2922923 0.2655863 0.1217008 0.2802293 0.2684249 0.2865893 0.0256239 0.3032164 0.9436051 0.2894750 0.3435764 0.2703434 0.1422818 0.1262890 0.2745317 0.2724864 0.1399115 0.1324992 0.1309194 0.1424664 0.2651438 0.1290487 0.2688084 0.2845730 0.2873511 
OQ821332.1|Costa_Rica|NA|NA|Dengue_1|2016-03-15|2016.2                                       0.3305257 0.0858073 0.2858921 0.0909958 0.2892157 0.1572782 0.1475616 0.0000000 0.0874830 0.0931566 0.1546189 0.2788934 0.2940580 0.3287948 0.2792464 0.0929517 0.2805734 0.2820202 0.2799502 0.2868612 0.2694093 0.0541537 0.2684336 0.2660936 0.1570565 0.0894552 0.1591785 0.2674631 0.2969794 0.1591785 0.3192632 0.2863698 0.2637612 0.0015613 0.1574676 0.1565665 0.0766140 0.2723159 0.2731039 0.2648412 0.2652857 0.0906656 0.2258177 0.2602817 0.2760964 0.2760770 0.0820311 0.0873517 0.0819651 0.2688800 0.1575055 0.2929769 0.2236866 0.0860383 0.2663468 0.2765547 0.2669169 0.2674176 0.2650556 0.1679864 0.1217494 0.2774441 0.2972801 0.0035541 0.0680610 0.0875919 0.2721303 0.1526414 0.0802650 0.2894171 0.2637513 0.2777953 0.1574439 0.2717617 0.2722345 0.2816744 0.1616820 0.1582498 0.0713156 0.2770039 0.2745045 0.2578022 0.0820999 0.0911108 0.0078274 0.2813358 0.2568430 0.0748040 0.2963062 0.2790908 0.2701660 0.1564153 0.3240082 0.9118338 0.3303498 0.3462766 0.3049733 0.0337335 0.0784400 0.2803808 0.2864779 0.0320671 0.0800584 0.0802650 0.0626540 0.3073277 0.0769131 0.2481406 0.2673111 0.2780261 
OQ821346.1|Cuba|NA|NA|Dengue_1|2022-07-14|2022.53150684932                                   0.3209031 0.0320655 0.2647800 0.0577959 0.2773186 0.1533871 0.1397865 0.0874830 0.0000000 0.0704644 0.1426368 0.2652801 0.2993284 0.3281240 0.2838484 0.0559041 0.2643549 0.2652801 0.2688901 0.2745543 0.2862074 0.0922233 0.2765598 0.2737645 0.1472635 0.0703392 0.1380238 0.2661883 0.2747515 0.1380238 0.3131576 0.2712540 0.2709789 0.0834326 0.1551536 0.1434457 0.0438102 0.2760434 0.2794232 0.2671353 0.2704140 0.0517572 0.2137824 0.2418895 0.2810991 0.2917129 0.0477924 0.0499186 0.0457375 0.2860609 0.1470893 0.2789208 0.2167020 0.0380849 0.2726441 0.2625406 0.2775947 0.2758102 0.2696874 0.1558310 0.1117927 0.2900957 0.2850371 0.0905958 0.0748726 0.0560169 0.2754063 0.1354976 0.0518047 0.2758090 0.2681792 0.2821430 0.1507326 0.2743967 0.2754952 0.2593316 0.1562353 0.1420039 0.0725260 0.2657598 0.2856232 0.2751188 0.0539488 0.0497702 0.0873923 0.2897834 0.2549223 0.0458246 0.2763035 0.2758613 0.2767289 0.1375992 0.3192112 0.9712885 0.3241978 0.3202332 0.3134583 0.0744330 0.0459109 0.2672882 0.2812828 0.0723071 0.0497764 0.0478368 0.0662391 0.3189753 0.0460320 0.2604990 0.2751492 0.2648086 
OQ821357.1|Dominican_Republic|NA|NA|Dengue_1|2019-09-10|2019.6904109589                      0.3083250 0.0714027 0.2918087 0.0592001 0.2951758 0.1511698 0.1400670 0.0931566 0.0704644 0.0000000 0.1472252 0.2847789 0.2720228 0.3162251 0.2898614 0.0750185 0.2865161 0.2879418 0.2823169 0.2928110 0.2847786 0.0971689 0.2837258 0.2860853 0.1563477 0.0141983 0.1526699 0.2778549 0.3004982 0.1526699 0.3074627 0.2923028 0.2837258 0.0897339 0.1606345 0.1589154 0.0455111 0.2781100 0.2886182 0.2705860 0.2803103 0.0763745 0.1975187 0.2418847 0.2819418 0.3014924 0.0506425 0.0694854 0.0540813 0.2841952 0.1502347 0.2989666 0.2014333 0.0698386 0.2868074 0.2824291 0.2870085 0.2723940 0.2793557 0.1657804 0.1142325 0.2850726 0.3080774 0.0967282 0.0808278 0.0422654 0.2827951 0.1462337 0.0523363 0.3001291 0.2837146 0.2884503 0.1489319 0.2776126 0.2828023 0.2875863 0.1555244 0.1517964 0.0805663 0.2828944 0.2947294 0.2819472 0.0506780 0.0732284 0.0968856 0.2873091 0.2670810 0.0338313 0.2998946 0.2849165 0.2759447 0.1499761 0.3113118 0.9081325 0.3177135 0.3587603 0.3211676 0.0892265 0.0405277 0.2862939 0.2853208 0.0873699 0.0387982 0.0455111 0.0804950 0.3141350 0.0389782 0.2723842 0.2746136 0.2838819 
OQ821378.1|USA|Florida|NA|Dengue_1|2019-09-20|2019.71780821918                               0.3176881 0.1297372 0.3001808 0.1395028 0.2943625 0.1869707 0.0089915 0.1546189 0.1426368 0.1472252 0.0000000 0.2914157 0.2825890 0.3166559 0.3200886 0.1519864 0.3084991 0.3071994 0.2953863 0.2914365 0.3056054 0.1776282 0.3208011 0.3178448 0.0450796 0.1494926 0.0432762 0.3052443 0.3127005 0.0432762 0.3278804 0.3067209 0.3112840 0.1551604 0.1734701 0.0501066 0.1230110 0.2873154 0.3130884 0.2878833 0.2913774 0.1461492 0.1116160 0.1601751 0.3101483 0.3193769 0.1326857 0.1486974 0.1275900 0.2986404 0.0446313 0.3143789 0.2131308 0.1375370 0.2936567 0.2943414 0.3119313 0.3073806 0.3073924 0.0476267 0.1542711 0.3209518 0.3199061 0.1539300 0.1455938 0.1449375 0.3204366 0.0310874 0.1278887 0.3176439 0.3047744 0.3185027 0.1842308 0.3131254 0.3171493 0.2937352 0.1826984 0.0153326 0.1497449 0.3047938 0.3112680 0.2887851 0.1375203 0.1517359 0.1598106 0.3062175 0.2873416 0.1277551 0.3091692 0.2983255 0.3061878 0.0290790 0.3231066 0.8860651 0.3220982 0.3714584 0.3011167 0.1491512 0.1350153 0.3046807 0.2924774 0.1466089 0.1370080 0.1278887 0.1497533 0.2982731 0.1277364 0.2925144 0.3017848 0.3025312 
OQ521623.1|Viet_Nam|NA|NA|Dengue_1|2022-06-15|2022.45205479452                               0.3208387 0.2672937 0.0205719 0.2937262 0.0157721 0.3050737 0.2911040 0.2788934 0.2652801 0.2847789 0.2914157 0.0000000 0.2746408 0.3077685 0.0820690 0.2800274 0.0190258 0.0110033 0.0110184 0.0141779 0.0788759 0.3058136 0.0752895 0.0735304 0.2831959 0.2946590 0.2908992 0.0644737 0.1397509 0.2908992 0.3023001 0.0141672 0.0717764 0.2828765 0.2903213 0.3059960 0.2736539 0.0697844 0.0719647 0.0662506 0.0660943 0.2631369 0.2694913 0.3101851 0.0625215 0.0854931 0.2862019 0.2634597 0.2802085 0.0612372 0.2823833 0.0206383 0.2193655 0.2818248 0.0677635 0.0078296 0.0700236 0.0645233 0.0629571 0.2791161 0.2686122 0.0757499 0.0436729 0.2751867 0.2748632 0.2767291 0.0768915 0.2821042 0.2885432 0.0470475 0.0681628 0.0731525 0.2950446 0.0733301 0.0766518 0.0109939 0.3012160 0.2837309 0.2711555 0.0238784 0.0789203 0.0608489 0.2689652 0.2643109 0.2924429 0.0617956 0.0608272 0.2736345 0.1411174 0.0678414 0.0590446 0.2666727 0.3308266 1.0450363 0.3132297 0.1145958 0.2949790 0.2736557 0.2642632 0.0666296 0.1415043 0.2663014 0.2704570 0.2782985 0.2571394 0.2925664 0.2729653 0.0678733 0.0539695 0.0222132 
OQ579185.1|Philippines|NA|NA|Dengue_1|2016-02-15|2016.12328767123                            0.0802407 0.2694950 0.2839762 0.2888330 0.2789076 0.3052958 0.2465711 0.2940580 0.2993284 0.2720228 0.2825890 0.2746408 0.0000000 0.0678165 0.2657953 0.2786772 0.2833446 0.2778450 0.2730122 0.2765042 0.2833369 0.2970761 0.2708079 0.2683938 0.2738405 0.2803154 0.2766742 0.2660916 0.2867174 0.2766742 0.1685103 0.2817556 0.2630109 0.2953209 0.2716076 0.2796250 0.2789967 0.2767808 0.2684644 0.2633842 0.2638398 0.2805563 0.1771027 0.2277613 0.2656213 0.2857276 0.2869402 0.2741929 0.2809137 0.2531099 0.2908888 0.2865829 0.2011417 0.2919677 0.2646956 0.2716804 0.2662468 0.2477686 0.2654090 0.2899782 0.2488956 0.2517687 0.2840147 0.3012322 0.2879842 0.2821100 0.2611123 0.2681381 0.2892921 0.2775572 0.2630008 0.2616137 0.2999971 0.2595697 0.2634272 0.2769291 0.3062183 0.2744395 0.2945240 0.2700018 0.2704767 0.2655729 0.2716798 0.2770217 0.3050781 0.2679356 0.2635667 0.2743114 0.2821439 0.2682695 0.2651778 0.2630790 0.1659128 1.0277728 0.0718061 0.3435398 0.1549904 0.2898858 0.2660745 0.2735408 0.2739997 0.2823652 0.2757534 0.2708872 0.2691167 0.1570015 0.2804095 0.2611629 0.2637686 0.2710998 
OQ579272.1|Philippines|NA|NA|Dengue_1|2017-02-15|2017.12328767123                            0.0368454 0.2932153 0.3102299 0.3122658 0.3121135 0.3320677 0.2863909 0.3287948 0.3281240 0.3162251 0.3166559 0.3077685 0.0678165 0.0000000 0.2962050 0.3134391 0.3098191 0.3112111 0.3062136 0.3096305 0.3097582 0.3319349 0.2940046 0.2915166 0.2945317 0.3251969 0.3038641 0.2808658 0.3020382 0.3038641 0.1954474 0.3030021 0.2858827 0.3302545 0.3030925 0.3063446 0.3127889 0.3077248 0.2915833 0.2936552 0.2812382 0.3142632 0.1955172 0.2424348 0.2910237 0.3076599 0.3103968 0.3020245 0.2993579 0.2881659 0.3044275 0.3081346 0.2202613 0.3118085 0.2851596 0.2975226 0.2893251 0.2874817 0.2911298 0.3180311 0.2822935 0.2838017 0.2992893 0.3314927 0.3174148 0.3161040 0.2916810 0.2948751 0.3235108 0.2921141 0.2858709 0.2919934 0.3217606 0.2791338 0.2937559 0.3030021 0.3379426 0.3012533 0.3241031 0.2926359 0.2930377 0.2861068 0.3052323 0.3104316 0.3403453 0.2883664 0.2889867 0.3069299 0.3125876 0.2931624 0.2905036 0.2943904 0.1993629 1.0375212 0.0304949 0.3792844 0.1809655 0.3242250 0.2992735 0.2995897 0.2919319 0.3164308 0.3092891 0.3042745 0.2930413 0.1747712 0.3144336 0.2865012 0.2891740 0.2952850 
OP952168.1|Australia|NA|NA|Dengue_1|2016-06-07|2016.4301369863                               0.3090935 0.2722157 0.0802975 0.3035758 0.0822157 0.3150782 0.2931304 0.2792464 0.2838484 0.2898614 0.3200886 0.0820690 0.2657953 0.2962050 0.0000000 0.2906308 0.0825059 0.0839887 0.0822819 0.0839903 0.0437385 0.2966844 0.0370039 0.0353543 0.2921704 0.2950559 0.2999173 0.0661647 0.1255574 0.2999173 0.2853590 0.0803710 0.0370039 0.2832425 0.2850820 0.3109357 0.2833136 0.0698001 0.0404102 0.0644831 0.0540618 0.2828094 0.2736947 0.3246287 0.0676482 0.0443320 0.2959843 0.2785048 0.2898879 0.0387578 0.2847308 0.0878299 0.2295459 0.2895241 0.0523186 0.0732741 0.0353537 0.0486448 0.0437392 0.2880256 0.2663625 0.0575948 0.0696681 0.2867591 0.2798804 0.2864412 0.0174121 0.2862911 0.2983389 0.0697206 0.0303836 0.0173899 0.3002024 0.0403636 0.0173657 0.0768459 0.3208319 0.2973747 0.2761315 0.0733398 0.0470338 0.0556927 0.2888597 0.2700320 0.2928351 0.0687536 0.0523615 0.2832917 0.1306284 0.0591949 0.0641463 0.2802063 0.3092749 1.0196497 0.2959001 0.1088392 0.3072972 0.2739939 0.2738483 0.0579310 0.1314111 0.2666198 0.2800501 0.2833136 0.2520785 0.3000064 0.2771066 0.0352431 0.0591397 0.0714092 
OQ078880.1|Brazil|Bahia|NA|Dengue_1|2019-04-09|2019.26849315068                              0.3199491 0.0538564 0.2869668 0.0659093 0.2902666 0.1590248 0.1529150 0.0929517 0.0559041 0.0750185 0.1519864 0.2800274 0.2786772 0.3134391 0.2906308 0.0000000 0.2817025 0.2784780 0.2877941 0.2879317 0.2782479 0.0932911 0.2845370 0.2821896 0.1620096 0.0783959 0.1583336 0.2695008 0.2988436 0.1583336 0.3078111 0.2874429 0.2798494 0.0912818 0.1603317 0.1684760 0.0521216 0.2697460 0.2846557 0.2623151 0.2627513 0.0402673 0.2116090 0.2493703 0.2883258 0.2973782 0.0572953 0.0369949 0.0537730 0.2897069 0.1591408 0.2939966 0.2089787 0.0454715 0.2691999 0.2777080 0.2830873 0.2741256 0.2810784 0.1759862 0.1099055 0.2982660 0.2935576 0.0901655 0.0840143 0.0591494 0.2836169 0.1518481 0.0589991 0.2857912 0.2798386 0.2836167 0.1567519 0.2784578 0.2836167 0.2827876 0.1673815 0.1613448 0.0802122 0.2781557 0.2954744 0.2689930 0.0607527 0.0454092 0.0966206 0.2985716 0.2543724 0.0503962 0.2982143 0.2764856 0.2822823 0.1555958 0.3134536 0.9598758 0.3149154 0.3531985 0.3034273 0.0782443 0.0572519 0.2777323 0.3035583 0.0764305 0.0520789 0.0555941 0.0731283 0.3011339 0.0523214 0.2686353 0.2809809 0.2791623 
OQ426587.1|Viet_Nam|Nha_Trang|NA|Dengue_1|2018-10-29|2018.82465753425                        0.3230291 0.2734804 0.0206630 0.2955438 0.0255220 0.3022035 0.2986289 0.2805734 0.2643549 0.2865161 0.3084991 0.0190258 0.2833446 0.3098191 0.0825059 0.2817025 0.0000000 0.0206671 0.0239360 0.0238995 0.0828623 0.3077621 0.0792352 0.0774573 0.2849449 0.2964927 0.2927267 0.0682830 0.1480142 0.2927267 0.3151487 0.0174312 0.0792352 0.2846042 0.2873711 0.3054479 0.2752789 0.0700255 0.0794479 0.0664774 0.0664303 0.2692905 0.2684435 0.3093849 0.0628357 0.0879488 0.2879467 0.2696256 0.2818875 0.0650258 0.2843116 0.0239745 0.2229387 0.2882600 0.0681093 0.0110338 0.0774557 0.0683376 0.0667650 0.2808166 0.2701891 0.0833186 0.0438804 0.2818970 0.2765048 0.2783866 0.0772959 0.2838351 0.2903087 0.0472733 0.0755526 0.0735322 0.2921039 0.0772439 0.0770534 0.0142290 0.2983090 0.2902487 0.2727564 0.0239856 0.0882236 0.0646088 0.2752228 0.2658348 0.2942621 0.0621105 0.0611316 0.2752589 0.1494901 0.0716802 0.0576692 0.2729767 0.3381194 1.0194938 0.3197784 0.1229812 0.3017539 0.2752822 0.2658046 0.0704856 0.1458234 0.2678603 0.2720465 0.2752789 0.2586198 0.2993135 0.2745945 0.0717151 0.0542345 0.0223121 
OQ426654.1|Viet_Nam|Nha_Trang|NA|Dengue_1|2017-08-14|2017.61643835616                        0.3243595 0.2703209 0.0222141 0.2906641 0.0173959 0.3035733 0.3056512 0.2820202 0.2652801 0.2879418 0.3071994 0.0110033 0.2778450 0.3112111 0.0839887 0.2784780 0.0206671 0.0000000 0.0158192 0.0157955 0.0843506 0.3091072 0.0771880 0.0754215 0.2911946 0.2978814 0.2989818 0.0661224 0.1498901 0.2989818 0.3007656 0.0157846 0.0771880 0.2860446 0.2887887 0.3156182 0.2707046 0.0751577 0.0756837 0.0715895 0.0644789 0.2661495 0.2726685 0.3115231 0.0643495 0.0911103 0.2831817 0.2664783 0.2772357 0.0630731 0.2912292 0.0222858 0.2265291 0.2849668 0.0696149 0.0094205 0.0754200 0.0663686 0.0682831 0.2870335 0.2716644 0.0812312 0.0454164 0.2813886 0.2779650 0.2798393 0.0752657 0.2900579 0.2855113 0.0488058 0.0735331 0.0750316 0.2935147 0.0787397 0.0785453 0.0125980 0.2996993 0.2964359 0.2742240 0.0255397 0.0843998 0.0661203 0.2720264 0.2673125 0.2893629 0.0636495 0.0626488 0.2767185 0.1513886 0.0731808 0.0608567 0.2770946 0.3293695 1.0299544 0.3160759 0.1244015 0.2961502 0.2767434 0.2672983 0.0720003 0.1437577 0.2693463 0.2735118 0.2707046 0.2601386 0.2937249 0.2807621 0.0732167 0.0557620 0.0238642 
OP090347.1|Viet_Nam|NA|NA|Dengue_1|2021-03-25|2021.22739726027                               0.3193266 0.2703209 0.0254819 0.2969303 0.0206350 0.3083616 0.2896718 0.2799502 0.2688901 0.2823169 0.2953863 0.0110184 0.2730122 0.3062136 0.0822819 0.2877941 0.0239360 0.0158192 0.0000000 0.0190259 0.0880832 0.3012102 0.0791595 0.0773840 0.2863997 0.2900976 0.2941541 0.0717149 0.1440934 0.2941541 0.3035065 0.0190114 0.0791595 0.2839607 0.2914347 0.3059960 0.2767387 0.0771109 0.0810897 0.0735230 0.0698504 0.2707624 0.2699814 0.3108392 0.0679165 0.0931877 0.2893622 0.2710988 0.2833182 0.0684590 0.2728039 0.0255644 0.2245314 0.2849668 0.0715312 0.0126068 0.0773824 0.0681616 0.0702053 0.2822784 0.2716644 0.0832370 0.0488479 0.2795365 0.2758984 0.2798393 0.0807678 0.2852876 0.2917143 0.0522610 0.0754820 0.0769810 0.2982761 0.0807136 0.0805127 0.0158056 0.3044925 0.2869121 0.2742240 0.0288406 0.0848773 0.0680182 0.2775609 0.2673125 0.2935779 0.0672686 0.0645286 0.2767185 0.1455189 0.0751176 0.0643983 0.2697570 0.3322124 1.0507278 0.3110271 0.1228334 0.2912860 0.2746821 0.2672983 0.0739461 0.1419185 0.2672896 0.2735118 0.2767387 0.2601386 0.2888656 0.2760663 0.0751550 0.0592733 0.0271474 
OP090348.1|Viet_Nam|NA|NA|Dengue_1|2021-05-07|2021.34520547945                               0.3226881 0.2750581 0.0222120 0.2913929 0.0015589 0.3085272 0.2911232 0.2868612 0.2745543 0.2928110 0.2914365 0.0141779 0.2765042 0.3096305 0.0839903 0.2879317 0.0238995 0.0157955 0.0190259 0.0000000 0.0843523 0.3140783 0.0771885 0.0754218 0.2808329 0.2970452 0.2885204 0.0697920 0.1499132 0.2885204 0.3127887 0.0189829 0.0771885 0.2909310 0.2936482 0.3037878 0.2768656 0.0786784 0.0773939 0.0750915 0.0679399 0.2708823 0.2665690 0.3121261 0.0609088 0.0911133 0.2895036 0.2712188 0.2834519 0.0700345 0.2766371 0.0255254 0.2310387 0.2898178 0.0696144 0.0125881 0.0754202 0.0733437 0.0717804 0.2767725 0.2764351 0.0848168 0.0420734 0.2895716 0.2734117 0.2846640 0.0787932 0.2750209 0.2871458 0.0454454 0.0735330 0.0715324 0.3032036 0.0822804 0.0785460 0.0157830 0.3046538 0.2813859 0.2696966 0.0255376 0.0844014 0.0661194 0.2768091 0.2720224 0.3005909 0.0601577 0.0626475 0.2815163 0.1434196 0.0731807 0.0574341 0.2690296 0.3367123 1.0203051 0.3144497 0.1244141 0.3043930 0.2815469 0.2720618 0.0720000 0.1434695 0.2741161 0.2782779 0.2768656 0.2602479 0.3019742 0.2808941 0.0732166 0.0523595 0.0238621 
OP410988.1|Singapore|NA|NA|Dengue_1|2019-05-15|2019.36712328767                              0.3229379 0.2671199 0.0806414 0.2938192 0.0825693 0.2956625 0.2947594 0.2694093 0.2862074 0.2847786 0.3056054 0.0788759 0.2833369 0.3097582 0.0437385 0.2782479 0.0828623 0.0843506 0.0880832 0.0843523 0.0000000 0.2964013 0.0388430 0.0371814 0.3014891 0.2947616 0.3045055 0.0735477 0.1347284 0.3045055 0.3004218 0.0807156 0.0355242 0.2733510 0.2847142 0.3158227 0.2735411 0.0772584 0.0356089 0.0718476 0.0681835 0.2657998 0.2866181 0.3396383 0.0715276 0.0343777 0.2862162 0.2661315 0.2801613 0.0456783 0.2919673 0.0882113 0.2339009 0.2817937 0.0680679 0.0735854 0.0338694 0.0523003 0.0507348 0.2972351 0.2772464 0.0666444 0.0771111 0.2685759 0.2700620 0.2813600 0.0471868 0.2907087 0.2885813 0.0807125 0.0321720 0.0471237 0.2808140 0.0575767 0.0470507 0.0771740 0.3013899 0.2970989 0.2663492 0.0773119 0.0405255 0.0628931 0.2781748 0.2649223 0.2829555 0.0727069 0.0664419 0.2782113 0.1480140 0.0734446 0.0644138 0.2845349 0.3251353 1.0491518 0.3203612 0.1210442 0.3081717 0.2641836 0.2733976 0.0722614 0.1404181 0.2614591 0.2749751 0.2782321 0.2514744 0.3007821 0.2775644 0.0255577 0.0629322 0.0753484 
ON426292.1|Brazil|Sao_Paulo|Sao_Pedro|Dengue_1|2020-01-22|2020.05753424658                   0.3398087 0.0914151 0.3129530 0.0932056 0.3164799 0.1719398 0.1660362 0.0541537 0.0922233 0.0971689 0.1776282 0.3058136 0.2970761 0.3319349 0.2966844 0.0932911 0.3077621 0.3091072 0.3012102 0.3140783 0.2964013 0.0000000 0.2952811 0.2928864 0.1714360 0.0914963 0.1717483 0.2891306 0.3206149 0.1717483 0.3351994 0.3135076 0.2904991 0.0507848 0.1717606 0.1789687 0.0822542 0.2940989 0.2945373 0.2864269 0.2869344 0.0983476 0.2495546 0.2860366 0.2980859 0.3009544 0.0877427 0.0950102 0.0839604 0.2957713 0.1644760 0.3203750 0.2302666 0.0880655 0.2878699 0.3034252 0.2880973 0.2884133 0.2917050 0.1853563 0.1277462 0.3044760 0.3248374 0.0523037 0.0806818 0.0896219 0.2895985 0.1650564 0.0859570 0.3167128 0.2904874 0.2952892 0.1721289 0.2890179 0.2895427 0.3087164 0.1764535 0.1707149 0.0804212 0.3039499 0.3016819 0.2885664 0.0841000 0.0894054 0.0558497 0.3038216 0.2781261 0.0804197 0.3253351 0.3010054 0.2918863 0.1688654 0.3408233 0.9201486 0.3396660 0.3765258 0.3306314 0.0421242 0.0841063 0.3026373 0.3195257 0.0404281 0.0857319 0.0859570 0.0680219 0.3330142 0.0825775 0.2742568 0.2891249 0.3048025 
ON631279.1|Reunion|NA|NA|Dengue_1|2021-06-15|2021.45205479452                                0.3098761 0.2707821 0.0770466 0.2974611 0.0754218 0.3051611 0.2983074 0.2684336 0.2765598 0.2837258 0.3208011 0.0752895 0.2708079 0.2940046 0.0370039 0.2845370 0.0792352 0.0771880 0.0791595 0.0771885 0.0388430 0.2952811 0.0000000 0.0015595 0.2938288 0.2889023 0.3016435 0.0629273 0.1382642 0.3016435 0.2806481 0.0735924 0.0062681 0.2723497 0.2798789 0.3061214 0.2772191 0.0735477 0.0158359 0.0681808 0.0576646 0.2720746 0.2810091 0.3333686 0.0644224 0.0376540 0.2898740 0.2631195 0.2838116 0.0355616 0.2891533 0.0809917 0.2204638 0.2854690 0.0593293 0.0700250 0.0110218 0.0454476 0.0405382 0.2896409 0.2797315 0.0561183 0.0699096 0.2739338 0.2690846 0.2850282 0.0337803 0.2878961 0.2922316 0.0680485 0.0094236 0.0337361 0.2902329 0.0455465 0.0336862 0.0735924 0.3109280 0.2990603 0.2700410 0.0700874 0.0256297 0.0558800 0.2771625 0.2685925 0.2819048 0.0654765 0.0559504 0.2818754 0.1396171 0.0663006 0.0574077 0.2817537 0.3040170 1.0163370 0.2986978 0.1168792 0.3101897 0.2632369 0.2677566 0.0650756 0.1361108 0.2559031 0.2786314 0.2772191 0.2480605 0.3027993 0.2812548 0.0222619 0.0593401 0.0646910 
ON631282.1|Reunion|NA|NA|Dengue_1|2020-06-15|2020.45205479452                                0.3073619 0.2684717 0.0752839 0.2950884 0.0736589 0.3027484 0.2983074 0.2660936 0.2737645 0.2860853 0.3178448 0.0735304 0.2683938 0.2915166 0.0353543 0.2821896 0.0774573 0.0754215 0.0773840 0.0754218 0.0371814 0.2928864 0.0015595 0.0000000 0.2914221 0.2912753 0.2992205 0.0611998 0.1363048 0.2992205 0.2830417 0.0718354 0.0046956 0.2699893 0.2775268 0.3032849 0.2748812 0.0717926 0.0142357 0.0664402 0.0559516 0.2697480 0.2785693 0.3306840 0.0626983 0.0359733 0.2875133 0.2654369 0.2814733 0.0339058 0.2864923 0.0792116 0.2182550 0.2831097 0.0576142 0.0682774 0.0094363 0.0437739 0.0388713 0.2872542 0.2773889 0.0544037 0.0681655 0.2712645 0.2667472 0.2826746 0.0321345 0.2855064 0.2898689 0.0663116 0.0078439 0.0320925 0.2878392 0.0438684 0.0320452 0.0718354 0.3085059 0.2966685 0.2677139 0.0683380 0.0272629 0.0541733 0.2748255 0.2662828 0.2795286 0.0637228 0.0542412 0.2795334 0.1376334 0.0645682 0.0557034 0.2793868 0.3064841 1.0143184 0.2961837 0.1149671 0.3077186 0.2609128 0.2654318 0.0633326 0.1341592 0.2535932 0.2763029 0.2748812 0.2457729 0.3003348 0.2788978 0.0206478 0.0576247 0.0629583 
ON873938.1|Pakistan|NA|NA|Dengue_1|2019-08-09|2019.60273972603                               0.3031873 0.1415617 0.2807904 0.1360548 0.2832123 0.1676417 0.0465336 0.1570565 0.1472635 0.1563477 0.0450796 0.2831959 0.2738405 0.2945317 0.2921704 0.1620096 0.2849449 0.2911946 0.2863997 0.2808329 0.3014891 0.1714360 0.2938288 0.2914221 0.0000000 0.1583050 0.0255069 0.2735714 0.2961943 0.0255069 0.3164480 0.2860411 0.2890229 0.1551738 0.1635137 0.0472576 0.1262556 0.2729624 0.2903536 0.2653978 0.2658488 0.1533347 0.1175080 0.1497277 0.2720745 0.3029527 0.1304387 0.1559250 0.1262451 0.2768995 0.0213470 0.2921659 0.2143363 0.1442349 0.2677476 0.2760559 0.2866094 0.2780890 0.2803510 0.0422277 0.1442123 0.2930574 0.3019891 0.1585270 0.1428257 0.1482995 0.2924263 0.0173684 0.1323522 0.2918415 0.2832859 0.2907533 0.1674438 0.2854465 0.2897928 0.2756075 0.1681365 0.0401337 0.1462428 0.2791757 0.2944056 0.2629022 0.1382745 0.1557065 0.1610756 0.2785060 0.2627056 0.1338778 0.2906092 0.2704722 0.2736921 0.0270458 0.3189364 0.9558187 0.2959508 0.3398559 0.2941898 0.1459287 0.1341391 0.2784040 0.2873509 0.1399719 0.1396255 0.1323522 0.1443022 0.2918536 0.1326261 0.2744786 0.2723345 0.2728277 
OM831215.1|USA|NA|NA|Dengue_1|2020-07-29|2020.57260273973                                    0.3172015 0.0694817 0.3017381 0.0607584 0.2994110 0.1567505 0.1446296 0.0894552 0.0703392 0.0141983 0.1494926 0.2946590 0.2803154 0.3251969 0.2950559 0.0783959 0.2964927 0.2978814 0.2900976 0.2970452 0.2947616 0.0914963 0.2889023 0.2912753 0.1583050 0.0000000 0.1546228 0.2829094 0.3033842 0.1546228 0.3162064 0.3022599 0.2889023 0.0841413 0.1623166 0.1588969 0.0470724 0.2785138 0.2987039 0.2709619 0.2807222 0.0797357 0.2109241 0.2567373 0.2917544 0.3068921 0.0522039 0.0693651 0.0556424 0.2893808 0.1501718 0.3090174 0.2060406 0.0713980 0.2872427 0.2922918 0.2922280 0.2774589 0.2844613 0.1677838 0.1139218 0.2902345 0.3182167 0.0903562 0.0753159 0.0438312 0.2879974 0.1481614 0.0538968 0.3101755 0.2888907 0.2936613 0.1544922 0.2827247 0.2879568 0.2975097 0.1611332 0.1576577 0.0785902 0.2927842 0.3000060 0.2870125 0.0488620 0.0747835 0.0912299 0.2973347 0.2720374 0.0353949 0.3076970 0.2900145 0.2856449 0.1519104 0.3171457 0.9154199 0.3267319 0.3625047 0.3252240 0.0836699 0.0387633 0.2914727 0.2928633 0.0818353 0.0403599 0.0470724 0.0785207 0.3228610 0.0405468 0.2774490 0.2843508 0.2937087 
MZ857216.1|Eritrea|NA|NA|Dengue_1|2015-06-15|2015.45205479452                                0.3125470 0.1379315 0.2884763 0.1362685 0.2909163 0.1639670 0.0408748 0.1591785 0.1380238 0.1526699 0.0432762 0.2908992 0.2766742 0.3038641 0.2999173 0.1583336 0.2927267 0.2989818 0.2941541 0.2885204 0.3045055 0.1717483 0.3016435 0.2992205 0.0255069 0.1546228 0.0000000 0.2763978 0.2912637 0.0000010 0.3154111 0.2937822 0.2968050 0.1572890 0.1637995 0.0414289 0.1226479 0.2757758 0.2981939 0.2681694 0.2686292 0.1496874 0.1156857 0.1563574 0.2796273 0.3060179 0.1306393 0.1522588 0.1264352 0.2845771 0.0177396 0.2999772 0.2119142 0.1405791 0.2705307 0.2837090 0.2943743 0.2857299 0.2880160 0.0423342 0.1501795 0.3008392 0.3050205 0.1609556 0.1391593 0.1446337 0.3001837 0.0142085 0.1287227 0.2996573 0.2909908 0.2985285 0.1637746 0.2931654 0.2975241 0.2832394 0.1644534 0.0369300 0.1425826 0.2868768 0.3022431 0.2656595 0.1346304 0.1520448 0.1632131 0.2861954 0.2654590 0.1264453 0.2855991 0.2732740 0.2812309 0.0238646 0.3179254 0.9681955 0.3053217 0.3432627 0.2961180 0.1461675 0.1305112 0.2812834 0.2902712 0.1440725 0.1359981 0.1287227 0.1406432 0.2937827 0.1249114 0.2773219 0.2798996 0.2851837 
MZ857203.1|Gambia|NA|NA|Dengue_1|2010-06-15|2010.45205479452                                 0.2935614 0.2706121 0.0661984 0.2760084 0.0715350 0.2914191 0.2721299 0.2674631 0.2661883 0.2778549 0.3052443 0.0644737 0.2660916 0.2808658 0.0661647 0.2695008 0.0682830 0.0661224 0.0717149 0.0697920 0.0735477 0.2891306 0.0629273 0.0611998 0.2735714 0.2829094 0.2763978 0.0000000 0.1296415 0.2763978 0.2992627 0.0626959 0.0594771 0.2713061 0.2669315 0.2771062 0.2610793 0.0522613 0.0630885 0.0471220 0.0403491 0.2528360 0.2644137 0.3121315 0.0642096 0.0727513 0.2687105 0.2531427 0.2629769 0.0525498 0.2699379 0.0698972 0.2099611 0.2749552 0.0419765 0.0593087 0.0577561 0.0592303 0.0542438 0.2649771 0.2478888 0.0738135 0.0697907 0.2705727 0.2635155 0.2699458 0.0610778 0.2632346 0.2755701 0.0697262 0.0559509 0.0609940 0.2815507 0.0611364 0.0574716 0.0627989 0.2970219 0.2741711 0.2644805 0.0628025 0.0646884 0.0353429 0.2623149 0.2585693 0.2746275 0.0635094 0.0386897 0.2623482 0.1226051 0.0453560 0.0607264 0.2553769 0.3226514 1.0286528 0.2908632 0.0895637 0.2947416 0.2577926 0.2531382 0.0440192 0.1313874 0.2506065 0.2638136 0.2656171 0.2506596 0.2875228 0.2662148 0.0523222 0.0556449 0.0609298 
MZ857206.1|Kenya|NA|NA|Dengue_1|2013-06-15|2013.45205479452                                  0.3188172 0.2869762 0.1413962 0.3119131 0.1479331 0.2928023 0.2867111 0.2969794 0.2747515 0.3004982 0.3127005 0.1397509 0.2867174 0.3020382 0.1255574 0.2988436 0.1480142 0.1498901 0.1440934 0.1499132 0.1347284 0.3206149 0.1382642 0.1363048 0.2961943 0.3033842 0.2912637 0.1296415 0.0000000 0.2912637 0.3190732 0.1497373 0.1343520 0.3011728 0.2835284 0.3154483 0.2914753 0.1374938 0.1387007 0.1314374 0.1351784 0.2862645 0.2960635 0.3424886 0.1413830 0.1344629 0.3042595 0.2866264 0.2980699 0.1224218 0.2910705 0.1568621 0.2393769 0.3025223 0.1369641 0.1417071 0.1323973 0.1336755 0.1321258 0.3063282 0.2950396 0.1447690 0.1499105 0.3007324 0.2739604 0.2884154 0.1279397 0.2777288 0.3066271 0.1497307 0.1263114 0.1277402 0.2781828 0.1314452 0.1274789 0.1457899 0.2936881 0.2897753 0.2748950 0.1418648 0.1403104 0.1291839 0.2923663 0.2873287 0.3109801 0.1478973 0.1332427 0.2914513 0.0321707 0.1332951 0.1393963 0.2772890 0.3380662 1.0958917 0.3123976 0.1731142 0.3022358 0.2924497 0.2772685 0.1325072 0.0645492 0.2896277 0.2881515 0.2961768 0.2747154 0.2998208 0.2852445 0.1218558 0.1354668 0.1394605 
OK040059.1|Kenya|NA|NA|Dengue_1|2016-06-15|2016.45205479452                                  0.3125470 0.1379315 0.2884763 0.1362685 0.2909163 0.1639670 0.0408748 0.1591785 0.1380238 0.1526699 0.0432762 0.2908992 0.2766742 0.3038641 0.2999173 0.1583336 0.2927267 0.2989818 0.2941541 0.2885204 0.3045055 0.1717483 0.3016435 0.2992205 0.0255069 0.1546228 0.0000010 0.2763978 0.2912637 0.0000000 0.3154111 0.2937822 0.2968050 0.1572890 0.1637995 0.0414289 0.1226479 0.2757758 0.2981939 0.2681694 0.2686292 0.1496874 0.1156857 0.1563574 0.2796273 0.3060179 0.1306393 0.1522588 0.1264352 0.2845771 0.0177396 0.2999772 0.2119142 0.1405791 0.2705307 0.2837090 0.2943743 0.2857299 0.2880160 0.0423342 0.1501795 0.3008392 0.3050205 0.1609556 0.1391593 0.1446337 0.3001837 0.0142085 0.1287227 0.2996573 0.2909908 0.2985285 0.1637746 0.2931654 0.2975241 0.2832394 0.1644534 0.0369300 0.1425826 0.2868768 0.3022431 0.2656595 0.1346304 0.1520448 0.1632131 0.2861954 0.2654590 0.1264453 0.2855991 0.2732740 0.2812309 0.0238646 0.3179254 0.9681955 0.3053217 0.3432627 0.2961180 0.1461675 0.1305112 0.2812834 0.2902712 0.1440725 0.1359981 0.1287227 0.1406432 0.2937827 0.1249114 0.2773219 0.2798996 0.2851837 
OL321181.1|Papua_New_Guinea|Western_Province|St_Gabriel|Dengue_1|2016-02-08|2016.10410958904 0.1993545 0.2938580 0.3095451 0.3188298 0.3152257 0.3268425 0.3123362 0.3192632 0.3131576 0.3074627 0.3278804 0.3023001 0.1685103 0.1954474 0.2853590 0.3078111 0.3151487 0.3007656 0.3035065 0.3127887 0.3004218 0.3351994 0.2806481 0.2830417 0.3164480 0.3162064 0.3154111 0.2992627 0.3190732 0.3154111 0.0000000 0.3086072 0.2749750 0.3206462 0.2982904 0.3277599 0.3077933 0.3064763 0.2909842 0.2926437 0.2852826 0.3066163 0.2406386 0.3023496 0.3062055 0.3059426 0.3111881 0.2900166 0.3049720 0.2764111 0.3193763 0.3136764 0.2283527 0.2990349 0.2893025 0.2998772 0.2867367 0.2858360 0.2882099 0.3408238 0.2985674 0.2873836 0.3047376 0.3072888 0.2951423 0.3016038 0.2904828 0.3169974 0.3182731 0.2952473 0.2806369 0.2907943 0.3214460 0.2918171 0.2925100 0.2993630 0.3278190 0.3233103 0.2959741 0.3004003 0.2978635 0.2842782 0.3030339 0.3132440 0.3304914 0.3127447 0.2849845 0.2974151 0.3247542 0.2822150 0.3056541 0.3164575 0.0304694 0.9156408 0.1931145 0.3711804 0.1613141 0.3047980 0.2935658 0.2877149 0.3085025 0.2972437 0.2950673 0.3021032 0.2809356 0.1593242 0.3093759 0.2875544 0.2995953 0.2964782 
OM281569.1|Cambodia|NA|NA|Dengue_1|2018-12-15|2018.95342465753                               0.3160585 0.2746037 0.0189809 0.2965617 0.0205881 0.2984170 0.2997780 0.2863698 0.2712540 0.2923028 0.3067209 0.0141672 0.2817556 0.3030021 0.0803710 0.2874429 0.0174312 0.0157846 0.0190114 0.0189829 0.0807156 0.3135076 0.0735924 0.0718354 0.2860411 0.3022599 0.2937822 0.0626959 0.1497373 0.2937822 0.3086072 0.0000000 0.0735924 0.2904251 0.2884339 0.3094458 0.2810627 0.0715870 0.0737865 0.0680406 0.0609767 0.2704377 0.2696436 0.3104113 0.0608553 0.0873828 0.2937094 0.2707721 0.2876352 0.0630157 0.2802435 0.0062804 0.2262709 0.2893185 0.0660894 0.0062607 0.0718340 0.0663082 0.0647416 0.2819284 0.2713362 0.0775906 0.0420386 0.2863346 0.2823046 0.2841794 0.0751965 0.2849324 0.2960622 0.0454075 0.0699638 0.0714673 0.2884028 0.0751460 0.0749628 0.0062648 0.2945437 0.2913061 0.2785409 0.0222764 0.0789232 0.0626146 0.2763457 0.2715772 0.3000582 0.0583670 0.0591627 0.2810414 0.1469107 0.0696321 0.0573843 0.2741253 0.3367596 1.0422296 0.3128006 0.1204375 0.3027636 0.2810714 0.2716115 0.0684303 0.1475453 0.2736606 0.2778137 0.2810627 0.2644452 0.3003381 0.2804178 0.0696653 0.0523147 0.0206172 
OM281596.1|Maldives|NA|NA|Dengue_1|2019-12-15|2019.95342465753                               0.3016039 0.2607706 0.0770466 0.2927228 0.0754218 0.3051611 0.2955811 0.2637612 0.2709789 0.2837258 0.3112840 0.0717764 0.2630109 0.2858827 0.0370039 0.2798494 0.0792352 0.0771880 0.0791595 0.0771885 0.0355242 0.2904991 0.0062681 0.0046956 0.2890229 0.2889023 0.2968050 0.0594771 0.1343520 0.2968050 0.2749750 0.0735924 0.0000000 0.2676367 0.2798789 0.3004574 0.2725506 0.0700426 0.0126394 0.0647045 0.0576646 0.2674288 0.2730932 0.3244332 0.0644224 0.0342981 0.2851598 0.2631195 0.2791412 0.0322543 0.2838399 0.0809917 0.2160536 0.2807577 0.0593293 0.0700250 0.0078546 0.0421047 0.0372088 0.2848749 0.2750537 0.0492069 0.0699096 0.2686041 0.2644174 0.2803284 0.0337803 0.2831243 0.2875133 0.0680485 0.0062680 0.0337361 0.2902329 0.0421949 0.0336862 0.0735924 0.3109280 0.2942839 0.2653942 0.0700874 0.0256297 0.0524714 0.2724958 0.2639803 0.2771601 0.0654765 0.0559504 0.2771987 0.1356564 0.0628407 0.0574077 0.2770274 0.2980547 1.0175192 0.2910910 0.1130613 0.2992966 0.2585963 0.2631145 0.0615944 0.1322140 0.2512910 0.2739825 0.2772191 0.2434930 0.2919739 0.2765482 0.0190378 0.0593401 0.0646910 
