110
PP269862.1|Viet_Nam|NA|NA|Dengue_2|2013-12-02|2013.91780821918                                0.0000000 0.3097962 0.3273416 0.0639107 0.0418331 0.3291012 0.3567477 0.3235829 0.3389595 0.3308598 0.3129945 0.3125013 0.3281709 0.3002479 0.3273545 0.3096317 0.3056207 0.3133262 0.3067294 0.0508208 0.3154447 0.3270861 0.3299109 0.3244910 0.3780015 0.0427453 0.3251063 0.3299109 0.3426330 0.3273750 0.3295449 0.3523456 0.2748663 0.3248052 0.3099751 0.3049190 0.3132244 0.3465002 0.3024113 0.3058716 0.0678517 0.0610231 0.3821214 0.0632537 0.3738555 0.3116289 0.3124040 0.3057232 0.3031905 0.3051030 0.3259242 0.3220123 0.0468383 0.3028452 0.3021833 0.2999190 0.2999190 0.3033213 0.0286897 0.3218940 0.3152947 0.0514733 0.3138534 0.3227657 0.3051030 0.3043068 0.3139097 0.2924559 0.2934264 0.3153555 0.3384759 0.3219995 0.3095474 0.3223654 0.3101709 0.3254129 0.2980773 0.2793333 0.3097524 0.3085978 0.0507472 0.3115343 0.3024278 0.3062157 0.2890550 0.3192379 0.3137898 0.3189276 0.3242315 0.0528299 0.3094686 0.3097858 0.3456452 0.0150910 0.0150910 0.0509789 0.3501960 0.2971435 0.3075624 0.0466072 0.3045970 0.3155632 0.3141052 0.3058549 0.3075180 0.3075180 0.3403581 0.0508596 0.0450273 0.3091878 
PP269856.1|Viet_Nam|NA|NA|Dengue_2|2014-11-03|2014.83835616438                                0.3097962 0.0000000 0.2215498 0.3472745 0.2972430 0.2206361 0.2461968 0.2125590 0.2284566 0.2984928 0.2905041 0.3300907 0.3017982 0.3218773 0.3143314 0.3003309 0.2008760 0.2149680 0.2197438 0.3253305 0.2077960 0.2195506 0.2330317 0.3018918 0.2415093 0.3048257 0.3386769 0.2277159 0.2295828 0.0494368 0.2148683 0.2386670 0.2857386 0.3223418 0.3077208 0.2912773 0.2055692 0.2326556 0.1270583 0.3060284 0.3510476 0.3188654 0.2500735 0.3333008 0.2465829 0.2290283 0.1977651 0.2185538 0.2106603 0.2186615 0.2181402 0.3103531 0.3114739 0.2104277 0.2160473 0.2078367 0.2078367 0.3093503 0.3202110 0.1274566 0.0209887 0.3150913 0.0229767 0.1346162 0.2186615 0.3123691 0.0331247 0.2080978 0.2023219 0.2142711 0.2421769 0.0390674 0.2026302 0.2049897 0.3018841 0.2721945 0.2926565 0.2799878 0.2045690 0.3087587 0.3154299 0.3117000 0.2122652 0.0600932 0.0450792 0.2093620 0.2067862 0.2217574 0.2112440 0.3188448 0.0000020 0.2013538 0.2322253 0.3088618 0.3088618 0.3177779 0.2395341 0.2022553 0.0533546 0.3198218 0.3061481 0.0642473 0.3084129 0.1990852 0.3018484 0.3018484 0.2180510 0.3067023 0.3231091 0.3093503 
PP269913.1|Viet_Nam|NA|NA|Dengue_2|2022-06-08|2022.43287671233                                0.3273416 0.2215498 0.0000000 0.3738939 0.3389716 0.0347784 0.0429509 0.0446336 0.0509700 0.3378963 0.3647578 0.3678706 0.3736771 0.3420440 0.3770627 0.3539902 0.1398244 0.1478853 0.1169845 0.3398575 0.0405109 0.0528530 0.0549323 0.3692815 0.2232173 0.3253074 0.3766292 0.0508557 0.1170726 0.2282802 0.1083986 0.2259155 0.3334587 0.3972558 0.3667235 0.3642437 0.0346048 0.1194997 0.2343396 0.3674544 0.3609451 0.3251698 0.2262989 0.3548419 0.2282439 0.0170340 0.1069093 0.0247544 0.1415165 0.1509362 0.0209029 0.3743080 0.3288904 0.1460864 0.1485620 0.1437266 0.1437266 0.3649517 0.3473282 0.2298088 0.2222590 0.3297695 0.2137149 0.2408725 0.1509362 0.3478314 0.2144284 0.1438873 0.1435279 0.1444565 0.1080876 0.2219880 0.0365445 0.0406260 0.3636603 0.3542359 0.3374497 0.3498884 0.0939874 0.3641033 0.3301150 0.3671376 0.0939574 0.2233809 0.1942842 0.0961364 0.0983295 0.1534584 0.1024920 0.3251484 0.2213196 0.1601588 0.1193393 0.3233057 0.3233057 0.3387452 0.1123340 0.0385621 0.2152684 0.3285657 0.3674449 0.2206140 0.3695692 0.1892934 0.3685832 0.3625660 0.1030368 0.3382055 0.3366492 0.3710263 
PP269928.1|Viet_Nam|NA|NA|Dengue_2|2017-01-03|2017.00547945205                                0.0639107 0.3472745 0.3738939 0.0000000 0.0718863 0.3797920 0.4059590 0.3698374 0.3864666 0.3673508 0.3553683 0.3571539 0.3803005 0.3370990 0.3792301 0.3568240 0.3469137 0.3541823 0.3435449 0.0764510 0.3609213 0.3736138 0.3764850 0.3705238 0.4295860 0.0679929 0.3668715 0.3847606 0.3856774 0.3691682 0.3723110 0.4028228 0.3114421 0.3782540 0.3503569 0.3453162 0.3587914 0.3898621 0.3302826 0.3499956 0.0855792 0.0871150 0.4340642 0.0764470 0.4251666 0.3574597 0.3597664 0.3513365 0.3360916 0.3379312 0.3727868 0.3673893 0.0723190 0.3357069 0.3349110 0.3326778 0.3326778 0.3473918 0.0745943 0.3586690 0.3554511 0.0762175 0.3482135 0.3535661 0.3379312 0.3371933 0.3487423 0.3323037 0.3335352 0.3572774 0.3733781 0.3491819 0.3548176 0.3689234 0.3603392 0.3691594 0.3301677 0.3265949 0.3508551 0.3527930 0.0763286 0.3559009 0.3490509 0.3623189 0.3280633 0.3547470 0.3491264 0.3686275 0.3720921 0.0785357 0.3499264 0.3582991 0.3888037 0.0595966 0.0554529 0.0724381 0.3822234 0.3418312 0.3476214 0.0719318 0.3513527 0.3570034 0.3586022 0.3606426 0.3514691 0.3514691 0.3781695 0.0765035 0.0367599 0.3536083 
PP269927.1|Viet_Nam|NA|NA|Dengue_2|2016-12-22|2016.97260273973                                0.0418331 0.2972430 0.3389716 0.0718863 0.0000000 0.3440650 0.3689611 0.3289077 0.3463515 0.3216347 0.2952223 0.3246456 0.3332548 0.2815511 0.3287495 0.2873283 0.2943652 0.2975225 0.3117587 0.0135955 0.3280291 0.3448222 0.3319269 0.3275591 0.3548565 0.0274564 0.3419234 0.3446610 0.3415434 0.3267915 0.3357451 0.3367298 0.2534591 0.3210833 0.2908009 0.2894656 0.3289850 0.3462283 0.3194337 0.2956799 0.0696008 0.0688318 0.3631846 0.0346303 0.3582445 0.3084479 0.3113396 0.3200638 0.2839305 0.2828111 0.3400207 0.3226126 0.0491111 0.2800751 0.2793793 0.2766363 0.2766363 0.3038392 0.0515975 0.3326531 0.3071688 0.0577201 0.3088557 0.3328198 0.2828111 0.2924523 0.3211879 0.2680993 0.2691014 0.2896101 0.3328913 0.3229436 0.3244960 0.3253597 0.2862109 0.3251891 0.2847842 0.2805958 0.3090505 0.3060832 0.0563876 0.3095452 0.3188813 0.3172720 0.2884644 0.3304019 0.3202271 0.3085467 0.3292012 0.0589123 0.2968704 0.2977840 0.3451933 0.0441861 0.0393926 0.0514371 0.3605408 0.3095311 0.3030003 0.0489538 0.3053417 0.3125234 0.3200626 0.3113090 0.3122479 0.3087928 0.3523527 0.0589976 0.0566188 0.3107799 
OR821724.1|Nepal|NA|NA|Dengue_2|2022-09-15|2022.70410958904                                   0.3291012 0.2206361 0.0347784 0.3797920 0.3440650 0.0000000 0.0350016 0.0489752 0.0596977 0.3534414 0.3716950 0.3781335 0.3819211 0.3505076 0.3853985 0.3592133 0.1378790 0.1543801 0.1182421 0.3480589 0.0489312 0.0615948 0.0637266 0.3712728 0.2201260 0.3270343 0.3819248 0.0595604 0.1275519 0.2274277 0.1140932 0.2282511 0.3370196 0.4022549 0.3747101 0.3721927 0.0429093 0.1300560 0.2314442 0.3807814 0.3698048 0.3330366 0.2232317 0.3572069 0.2252053 0.0368037 0.1124933 0.0328335 0.1527407 0.1575309 0.0132498 0.3743776 0.3306695 0.1525739 0.1551077 0.1501660 0.1501660 0.3668204 0.3433077 0.2206548 0.2213602 0.3422834 0.2127517 0.2317138 0.1575309 0.3554663 0.2082630 0.1503376 0.1499520 0.1509462 0.1183501 0.2158580 0.0448808 0.0449147 0.3706154 0.3559737 0.3387314 0.3513955 0.0993542 0.3659455 0.3380620 0.3690425 0.0993227 0.2111912 0.1931836 0.0968461 0.1037731 0.1606109 0.1079953 0.3330142 0.2204048 0.1620442 0.1298742 0.3249757 0.3249757 0.3469665 0.1158920 0.0388874 0.2033199 0.3303362 0.3674262 0.2136580 0.3715230 0.1991204 0.3705087 0.3643681 0.1085859 0.3401765 0.3386263 0.3730215 
OR936752.1|Pakistan|NA|NA|Dengue_2|2023-10-15|2023.78630136986                                0.3567477 0.2461968 0.0429509 0.4059590 0.3689611 0.0350016 0.0000000 0.0574168 0.0683994 0.3647226 0.3796901 0.3832881 0.3932279 0.3650609 0.3967532 0.3665411 0.1564133 0.1650885 0.1349348 0.3761786 0.0573634 0.0659269 0.0724775 0.3827224 0.2381509 0.3547861 0.3962533 0.0682388 0.1372908 0.2475903 0.1286843 0.2409702 0.3543934 0.4196363 0.3879026 0.3853726 0.0512491 0.1398476 0.2492345 0.3868102 0.3989252 0.3608447 0.2413779 0.3857992 0.2433483 0.0450193 0.1268261 0.0409833 0.1684185 0.1733279 0.0210321 0.3857109 0.3581516 0.1682334 0.1708472 0.1657682 0.1657682 0.3780480 0.3651687 0.2413781 0.2466719 0.3675257 0.2377168 0.2552695 0.1733279 0.3684452 0.2332173 0.1659630 0.1655202 0.1666560 0.1279589 0.2409922 0.0532443 0.0532852 0.3724119 0.3748932 0.3512267 0.3621161 0.1085922 0.3771118 0.3658612 0.3802291 0.1130834 0.2480118 0.2121952 0.1153445 0.1179431 0.1759883 0.1222224 0.3608206 0.2459386 0.1773353 0.1396464 0.3524081 0.3524081 0.3752272 0.1339630 0.0553581 0.2277853 0.3515821 0.3868165 0.2388187 0.3745143 0.1998017 0.3816504 0.3754706 0.1225844 0.3678766 0.3586041 0.3842897 
PP204093.1|United_Arab_Emirates|Abu_Dhabi|Duba__Maldives|Dengue_2|2023-06-08|2023.43287671233 0.3235829 0.2125590 0.0446336 0.3698374 0.3289077 0.0489752 0.0574168 0.0000000 0.0409018 0.3319751 0.3429759 0.3702146 0.3740852 0.3310611 0.3774803 0.3459324 0.1325713 0.1457475 0.1056770 0.3420540 0.0306700 0.0387009 0.0448345 0.3654154 0.2174094 0.3215398 0.3831253 0.0408116 0.1083407 0.2192489 0.1018153 0.2253907 0.3155730 0.3910547 0.3586723 0.3561707 0.0248320 0.1107360 0.2269539 0.3678465 0.3631161 0.3274074 0.2204556 0.3509094 0.2224028 0.0425837 0.1004289 0.0386018 0.1440955 0.1487855 0.0346713 0.3747234 0.3192117 0.1439399 0.1464121 0.1415812 0.1415812 0.3592513 0.3434482 0.2267559 0.2133461 0.3289397 0.2049565 0.2377631 0.1487855 0.3474446 0.2005317 0.1417393 0.1413862 0.1422993 0.1036167 0.2079718 0.0267561 0.0075215 0.3434375 0.3461754 0.3176196 0.3360815 0.0855134 0.3584278 0.3323308 0.3614683 0.0875430 0.2092292 0.1809202 0.0897081 0.0962620 0.1422103 0.0960396 0.3273859 0.2123392 0.1484632 0.1105905 0.3195816 0.3195816 0.3409569 0.1173797 0.0287370 0.1964526 0.3248299 0.3617593 0.2013836 0.3639093 0.1815514 0.3629434 0.3569137 0.1053981 0.3344190 0.3327971 0.3653385 
OQ826855.1|Bangladesh|NA|NA|Dengue_2|2018-06-15|2018.45205479452                              0.3389595 0.2284566 0.0509700 0.3864666 0.3463515 0.0596977 0.0683994 0.0409018 0.0000000 0.3335611 0.3482939 0.3677936 0.3656238 0.3480591 0.3628982 0.3495391 0.1286400 0.1367618 0.1130130 0.3578330 0.0367847 0.0491246 0.0151720 0.3629709 0.2194790 0.3369544 0.3746842 0.0113447 0.1131691 0.2352401 0.1044746 0.2329721 0.3223942 0.3817138 0.3623235 0.3598223 0.0308669 0.1155938 0.2307669 0.3654701 0.3733326 0.3367888 0.2225699 0.3589338 0.2245368 0.0488817 0.1030397 0.0448408 0.1350730 0.1397326 0.0449819 0.3723241 0.3344030 0.1349265 0.1373736 0.1325826 0.1325826 0.3507604 0.3593348 0.2368444 0.2238383 0.3356096 0.2204127 0.2480790 0.1397326 0.3511148 0.2159300 0.1327294 0.1324038 0.1332485 0.1132070 0.2235624 0.0328130 0.0368889 0.3470810 0.3437958 0.3211235 0.3337267 0.0900940 0.3499749 0.3417632 0.3530181 0.0900648 0.2249824 0.1905197 0.0878745 0.0988487 0.1500338 0.0986175 0.3367665 0.2282176 0.1515156 0.1154393 0.3348131 0.3348131 0.3506341 0.1129923 0.0308651 0.2115963 0.3340681 0.3532849 0.2169118 0.3554684 0.1882666 0.3545341 0.3484982 0.1035885 0.3499124 0.3485654 0.3568537 
OQ603287.1|Colombia|Bolivar|NA|Dengue_2|2015-08-27|2015.65205479452                           0.3308598 0.2984928 0.3378963 0.3673508 0.3216347 0.3534414 0.3647226 0.3319751 0.3335611 0.0000000 0.0463751 0.1271316 0.1142254 0.1046257 0.1225461 0.1133398 0.3025084 0.3016777 0.3365714 0.3452571 0.3073420 0.3256045 0.3354539 0.1314601 0.3354083 0.3418015 0.1387721 0.3199486 0.3182134 0.3278033 0.2966585 0.3313209 0.1029459 0.1319097 0.1064242 0.1022683 0.3006185 0.3182134 0.2833311 0.1085913 0.3619896 0.3359438 0.3319576 0.3549076 0.3272495 0.3403445 0.2880237 0.3165334 0.2933135 0.2922010 0.3398078 0.1224480 0.3395138 0.2963162 0.2922010 0.2997115 0.2997115 0.1030259 0.3467575 0.2968039 0.3020327 0.3287192 0.2987181 0.2992782 0.2922010 0.1020495 0.3229790 0.2955781 0.2955781 0.3103337 0.3358776 0.3327626 0.3006411 0.3287981 0.0488370 0.0636117 0.0782741 0.0856921 0.3106923 0.1001662 0.3359186 0.1028020 0.3036203 0.3259981 0.2836466 0.2980101 0.2928274 0.3332210 0.2865214 0.3393845 0.2984928 0.2965875 0.3147721 0.3349139 0.3280447 0.3328509 0.3034794 0.3123191 0.2951087 0.3384159 0.1004796 0.3101849 0.1082792 0.2943333 0.1028094 0.0975532 0.3018802 0.3257872 0.3537121 0.1030259 
OQ603296.1|Colombia|Boyaca|NA|Dengue_2|2016-07-14|2016.53150684932                            0.3129945 0.2905041 0.3647578 0.3553683 0.2952223 0.3716950 0.3796901 0.3429759 0.3482939 0.0463751 0.0000000 0.1280301 0.1166363 0.1179057 0.1260822 0.1209280 0.3133318 0.3124404 0.3399674 0.3317018 0.3287788 0.3374845 0.3408959 0.1264651 0.3545731 0.3257588 0.1475546 0.3392346 0.3341399 0.3277827 0.3157354 0.3480041 0.1159659 0.1354754 0.1196737 0.1160447 0.3266122 0.3379191 0.2822744 0.1090781 0.3469819 0.3340294 0.3524670 0.3291913 0.3483004 0.3548814 0.3037886 0.3370416 0.3111375 0.3101032 0.3575804 0.1211757 0.3308749 0.3137238 0.3071998 0.3108074 0.3108074 0.1068824 0.3263687 0.2931676 0.2958424 0.3208950 0.2930250 0.2939350 0.3101032 0.1117730 0.3176822 0.3088267 0.3042994 0.3164108 0.3479163 0.3124805 0.3229018 0.3402236 0.0209790 0.0683609 0.0880180 0.0923629 0.3189306 0.1044229 0.3305063 0.1066821 0.3144757 0.3125223 0.2870543 0.3256232 0.3080720 0.3469387 0.3154083 0.3340078 0.2930454 0.3132620 0.3311530 0.3222546 0.3163997 0.3270465 0.3342757 0.3221870 0.2940181 0.3289728 0.1071157 0.3048659 0.1138164 0.3103171 0.1091014 0.1045747 0.3231702 0.3122689 0.3386363 0.1068824 
OQ740556.1|Dominican_Republic|NA|NA|Dengue_2|2022-05-20|2022.38082191781                      0.3125013 0.3300907 0.3678706 0.3571539 0.3246456 0.3781335 0.3832881 0.3702146 0.3677936 0.1271316 0.1280301 0.0000000 0.0813216 0.1401263 0.0901114 0.1428107 0.3383183 0.3430582 0.3552014 0.3434641 0.3412025 0.3626595 0.3600469 0.0614408 0.3714217 0.3314077 0.1037843 0.3581890 0.3555205 0.3702893 0.3470570 0.3705190 0.1261766 0.0982199 0.1339640 0.1326149 0.3450983 0.3594962 0.2966000 0.0768284 0.3407087 0.3261565 0.3693378 0.3485503 0.3650325 0.3719179 0.3335823 0.3534933 0.3357580 0.3345675 0.3686723 0.0488940 0.3230053 0.3384556 0.3315173 0.3353921 0.3353921 0.0660912 0.3260026 0.3051955 0.3351197 0.3063635 0.3321725 0.3060292 0.3345675 0.1307467 0.3544148 0.3359378 0.3284709 0.3415502 0.3739850 0.3535676 0.3412025 0.3673468 0.1304641 0.1258979 0.1105695 0.1060305 0.3295595 0.0638851 0.3167119 0.0701973 0.3339575 0.3523803 0.3129963 0.3381606 0.3290783 0.3549234 0.3395845 0.3201829 0.3327258 0.3460747 0.3585794 0.3218499 0.3159380 0.3131267 0.3321093 0.3404153 0.3203980 0.3152714 0.0704490 0.3381508 0.0724957 0.3284996 0.0681737 0.0639667 0.3386227 0.3117642 0.3445308 0.0660912 
OQ821384.1|Cuba|NA|NA|Dengue_2|2017-06-29|2017.4904109589                                     0.3281709 0.3017982 0.3736771 0.3803005 0.3332548 0.3819211 0.3932279 0.3740852 0.3656238 0.1142254 0.1166363 0.0813216 0.0000000 0.1205664 0.0074883 0.1184156 0.3428043 0.3473833 0.3677224 0.3658453 0.3395676 0.3685523 0.3640929 0.0726792 0.3686916 0.3536669 0.0591076 0.3562287 0.3571803 0.3326438 0.3543165 0.3582916 0.1034426 0.0162876 0.1102094 0.1042231 0.3433864 0.3610946 0.2966634 0.0386358 0.3652336 0.3437997 0.3666175 0.3711698 0.3623630 0.3757316 0.3349414 0.3498559 0.3402416 0.3390509 0.3725931 0.0661047 0.3466335 0.3428901 0.3360524 0.3398783 0.3398783 0.0248115 0.3479583 0.2992391 0.3069820 0.3268838 0.2969330 0.3000401 0.3390509 0.1068448 0.3183322 0.3404241 0.3330559 0.3459794 0.3778471 0.3259220 0.3395676 0.3712711 0.1212751 0.1002770 0.0967400 0.0747764 0.3305897 0.0306314 0.3401897 0.0247773 0.3520081 0.3156820 0.2838201 0.3513969 0.3305221 0.3610708 0.3467714 0.3437773 0.3044114 0.3307774 0.3601875 0.3436334 0.3376545 0.3301990 0.3378069 0.3524250 0.2908447 0.3445637 0.0209245 0.3074479 0.0228407 0.3248641 0.0189571 0.0151202 0.3339354 0.3335840 0.3610915 0.0248115 
OQ821383.1|Cuba|NA|NA|Dengue_2|2013-12-01|2013.91506849315                                    0.3002479 0.3218773 0.3420440 0.3370990 0.2815511 0.3505076 0.3650609 0.3310611 0.3480591 0.1046257 0.1179057 0.1401263 0.1205664 0.0000000 0.1286777 0.0353307 0.3089808 0.3080540 0.3347090 0.3168034 0.3218631 0.3469624 0.3498335 0.1267614 0.3583132 0.3135115 0.1285116 0.3344494 0.3429235 0.3511811 0.3218107 0.3746659 0.0258172 0.1359564 0.0351151 0.0262250 0.3152338 0.3429235 0.3231571 0.1125525 0.3402196 0.3213905 0.3548862 0.3291072 0.3569342 0.3343770 0.3094324 0.3177018 0.3065484 0.2988294 0.3405698 0.1233857 0.3118525 0.3094732 0.2988294 0.3061797 0.3061797 0.1045699 0.3184562 0.3207325 0.3250320 0.2943867 0.3283101 0.3194037 0.2988294 0.0286715 0.3413368 0.3021245 0.3021245 0.3166329 0.3347460 0.3286385 0.3152568 0.3392917 0.1098552 0.1070351 0.0631176 0.0830514 0.3186036 0.1069048 0.3147729 0.1094759 0.3264513 0.3468330 0.3104105 0.3192947 0.3060687 0.3321744 0.3077901 0.3114919 0.3218773 0.3030637 0.3462965 0.3073436 0.3008036 0.3115475 0.2940027 0.3235316 0.3218896 0.3074099 0.1021039 0.3416575 0.1096588 0.3014644 0.1043563 0.0992617 0.3016930 0.2915176 0.3243401 0.0994616 
OQ821449.1|Cuba|NA|NA|Dengue_2|2020-01-15|2020.03835616438                                    0.3273545 0.3143314 0.3770627 0.3792301 0.3287495 0.3853985 0.3967532 0.3774803 0.3628982 0.1225461 0.1260822 0.0901114 0.0074883 0.1286777 0.0000000 0.1278329 0.3559302 0.3542538 0.3811635 0.3587857 0.3428146 0.3719429 0.3674511 0.0770419 0.3817156 0.3527344 0.0674647 0.3595422 0.3701776 0.3395382 0.3674478 0.3652641 0.1131142 0.0246149 0.1193972 0.1134039 0.3466554 0.3741588 0.3088795 0.0466887 0.3642355 0.3429098 0.3796854 0.3701582 0.3753728 0.3791086 0.3476155 0.3531458 0.3532130 0.3519582 0.3760031 0.0746581 0.3457333 0.3558672 0.3489414 0.3528377 0.3528377 0.0326729 0.3470586 0.3058212 0.3193735 0.3260196 0.3091677 0.3126110 0.3519582 0.1160919 0.3309428 0.3534148 0.3459261 0.3591206 0.3912390 0.3386885 0.3428146 0.3746590 0.1260947 0.1094632 0.1057451 0.0834702 0.3433228 0.0385554 0.3393159 0.0326265 0.3648854 0.3284540 0.2902084 0.3642488 0.3432579 0.3741554 0.3595076 0.3428875 0.3169560 0.3435254 0.3731979 0.3427557 0.3367998 0.3293669 0.3517151 0.3497178 0.3031810 0.3436790 0.0287327 0.3202147 0.0306663 0.3373708 0.0267240 0.0228377 0.3467111 0.3327388 0.3601130 0.0326729 
OQ821485.1|Mexico|NA|NA|Dengue_2|2022-07-06|2022.5095890411                                   0.3096317 0.3003309 0.3539902 0.3568240 0.2873283 0.3592133 0.3665411 0.3459324 0.3495391 0.1133398 0.1209280 0.1428107 0.1184156 0.0353307 0.1278329 0.0000000 0.3119343 0.3136550 0.3338043 0.3313118 0.3300955 0.3524099 0.3481237 0.1310199 0.3586488 0.3194062 0.1425958 0.3346072 0.3407644 0.3245748 0.3218345 0.3639592 0.0415840 0.1308217 0.0469359 0.0326823 0.3242254 0.3445430 0.3122332 0.1138217 0.3483518 0.3336426 0.3526935 0.3364243 0.3485671 0.3442145 0.3110005 0.3324115 0.3123669 0.3113329 0.3527766 0.1256864 0.3245451 0.3149394 0.3084437 0.3120376 0.3120376 0.1067790 0.3259789 0.3165180 0.3054355 0.3056678 0.3083029 0.3141176 0.3113329 0.0432866 0.3218721 0.3125084 0.3055574 0.3176251 0.3460609 0.3138643 0.3242462 0.3431731 0.1138017 0.1112265 0.0720884 0.0876916 0.3099816 0.1066645 0.3241845 0.1089283 0.3333882 0.3213092 0.2953542 0.3254246 0.3051331 0.3316032 0.3153295 0.3276703 0.3028944 0.3044997 0.3437130 0.3160057 0.3101580 0.3206685 0.3147137 0.3309291 0.3024012 0.3168135 0.1022221 0.3191338 0.1088577 0.3033898 0.1042013 0.0997228 0.3142151 0.3025872 0.3382458 0.1022697 
OQ579356.1|Philippines|NA|NA|Dengue_2|2017-01-15|2017.03835616438                             0.3056207 0.2008760 0.1398244 0.3469137 0.2943652 0.1378790 0.1564133 0.1325713 0.1286400 0.3025084 0.3133318 0.3383183 0.3428043 0.3089808 0.3559302 0.3119343 0.0000000 0.0248427 0.0921980 0.3111536 0.1277438 0.1429407 0.1329900 0.3395705 0.2090214 0.2933674 0.3660832 0.1282956 0.1323814 0.2165082 0.1206527 0.2245733 0.2931193 0.3522847 0.3271854 0.3244861 0.1255945 0.1349115 0.2109908 0.3426759 0.3261593 0.3048316 0.2174102 0.3205710 0.2193851 0.1325631 0.1192708 0.1232579 0.0249084 0.0307974 0.1327587 0.3368194 0.2968418 0.0248829 0.0288294 0.0229345 0.0229345 0.3278762 0.3207673 0.2319073 0.2017742 0.3045139 0.1934434 0.2204440 0.0307974 0.3230922 0.1975732 0.0229556 0.0229133 0.0270029 0.1375202 0.1992541 0.1231037 0.1278562 0.3178753 0.2867407 0.2857618 0.2967301 0.1039372 0.3211244 0.3038500 0.3302363 0.1132165 0.2111327 0.1850338 0.1055850 0.1147110 0.0948601 0.1144287 0.3048112 0.2006659 0.1262172 0.1347201 0.3031139 0.3031139 0.3061473 0.1283301 0.1137153 0.2008332 0.2965530 0.3304413 0.2111355 0.3387909 0.1771303 0.3318593 0.3258128 0.1105398 0.3153388 0.3237609 0.3339794 
OQ579360.1|Philippines|NA|NA|Dengue_2|2017-03-15|2017.2                                       0.3133262 0.2149680 0.1478853 0.3541823 0.2975225 0.1543801 0.1650885 0.1457475 0.1367618 0.3016777 0.3124404 0.3430582 0.3473833 0.3080540 0.3542538 0.3136550 0.0248427 0.0000000 0.1026938 0.3129089 0.1357980 0.1510471 0.1410828 0.3443163 0.2126770 0.3012346 0.3702775 0.1363944 0.1404330 0.2271905 0.1265668 0.2281330 0.2888095 0.3528288 0.3202358 0.3234085 0.1336648 0.1429728 0.2166977 0.3472523 0.3397622 0.3185438 0.2210279 0.3280590 0.2229817 0.1406226 0.1251188 0.1313294 0.0286459 0.0365038 0.1459593 0.3415607 0.3046711 0.0305708 0.0345321 0.0286183 0.0286183 0.3327069 0.3283604 0.2375162 0.2157338 0.3149777 0.2073112 0.2327347 0.0365038 0.3220202 0.2115930 0.0286446 0.0285915 0.0327312 0.1503240 0.2132050 0.1311629 0.1409883 0.3169026 0.2839963 0.2877388 0.3017987 0.1164232 0.3260409 0.3175268 0.3350094 0.1257886 0.2252438 0.1987982 0.1114472 0.1112983 0.0963491 0.1202671 0.3185230 0.2147456 0.1320571 0.1427678 0.3108732 0.3108732 0.3199229 0.1369678 0.1217670 0.2147178 0.3102257 0.3352235 0.2252803 0.3434199 0.1836281 0.3365850 0.3306350 0.1209417 0.3194781 0.3313988 0.3327069 
OP941683.1|Indonesia|Bengkulu|NA|Dengue_2|2021-06-07|2021.4301369863                          0.3067294 0.2197438 0.1169845 0.3435449 0.3117587 0.1182421 0.1349348 0.1056770 0.1130130 0.3365714 0.3399674 0.3552014 0.3677224 0.3347090 0.3811635 0.3338043 0.0921980 0.1026938 0.0000000 0.3334327 0.1007551 0.1152407 0.1173357 0.3579344 0.2239094 0.2999944 0.3915651 0.1081257 0.1214460 0.2357884 0.1037266 0.2345107 0.3049814 0.3778447 0.3468407 0.3440956 0.0986300 0.1239332 0.2132488 0.3613475 0.3446740 0.3059451 0.2325913 0.3263542 0.2345835 0.1099442 0.1022846 0.1008733 0.1030314 0.1098808 0.1103947 0.3538014 0.2919246 0.1029200 0.1076042 0.1006662 0.1006662 0.3525408 0.3219976 0.2316351 0.2231081 0.3073109 0.2152188 0.2320537 0.1098808 0.3374385 0.2152477 0.1007729 0.1005425 0.1035539 0.1218342 0.2204024 0.0962578 0.1011054 0.3386946 0.3234887 0.3052858 0.3211363 0.0936148 0.3517301 0.3109819 0.3548389 0.0935843 0.2168180 0.2026909 0.0913541 0.0867146 0.0437296 0.0978072 0.3059244 0.2221638 0.0908616 0.1237620 0.2982158 0.2982158 0.3133690 0.1120563 0.0872031 0.2189271 0.3005889 0.3551167 0.2244265 0.3635348 0.2025727 0.3563786 0.3502137 0.1028355 0.3195229 0.3111482 0.3587658 
OQ028205.1|Viet_Nam|NA|NA|Dengue_2|2017-03-27|2017.23287671233                                0.0508208 0.3253305 0.3398575 0.0764510 0.0135955 0.3480589 0.3761786 0.3420540 0.3578330 0.3452571 0.3317018 0.3434641 0.3658453 0.3168034 0.3587857 0.3313118 0.3111536 0.3129089 0.3334327 0.0000000 0.3336576 0.3456438 0.3484739 0.3500828 0.3912898 0.0305134 0.3561246 0.3563355 0.3546088 0.3372893 0.3537108 0.3550324 0.2969626 0.3641900 0.3312456 0.3322155 0.3314813 0.3585786 0.3119382 0.3305417 0.0676891 0.0649994 0.3954836 0.0305721 0.3827217 0.3179944 0.3357859 0.3240303 0.3027782 0.3046908 0.3446143 0.3533470 0.0507793 0.3024335 0.3017734 0.2995096 0.2995096 0.3339989 0.0570011 0.3391914 0.3248621 0.0578427 0.3293241 0.3341684 0.3046908 0.3258538 0.3295821 0.2920559 0.2930237 0.3149276 0.3504899 0.3377010 0.3277080 0.3409569 0.3287979 0.3508382 0.3191483 0.3200257 0.3270770 0.3393008 0.0546885 0.3423184 0.3254773 0.3337972 0.2984039 0.3428752 0.3373591 0.3364392 0.3478301 0.0567815 0.3249880 0.3269035 0.3576658 0.0466448 0.0426297 0.0549391 0.3825852 0.3151364 0.3171189 0.0505266 0.3350673 0.3254146 0.3449463 0.3239295 0.3380699 0.3380699 0.3738219 0.0548098 0.0614312 0.3400328 
OQ102945.1|Sri_Lanka|NA|NA|Dengue_2|2021-11-19|2021.88219178082                               0.3154447 0.2077960 0.0405109 0.3609213 0.3280291 0.0489312 0.0573634 0.0306700 0.0367847 0.3073420 0.3287788 0.3412025 0.3395676 0.3218631 0.3428146 0.3300955 0.1277438 0.1357980 0.1007551 0.3336576 0.0000000 0.0267699 0.0406904 0.3327720 0.1988750 0.3133891 0.3603490 0.0367045 0.1011143 0.2145049 0.0882074 0.2066897 0.3087696 0.3657705 0.3425192 0.3341483 0.0093931 0.1034644 0.2096152 0.3453933 0.3542885 0.3191991 0.1966233 0.3423195 0.1985910 0.0384842 0.0913566 0.0345378 0.1341204 0.1290475 0.0346420 0.3457598 0.3170431 0.1339763 0.1267441 0.1316547 0.1316547 0.3369263 0.3349930 0.2151348 0.2137685 0.3171988 0.2002695 0.2259500 0.1290475 0.3313246 0.1958325 0.1317990 0.1314791 0.1323094 0.1011468 0.2032661 0.0112780 0.0267536 0.3274703 0.3319040 0.3024834 0.3149403 0.0786711 0.3362174 0.3240898 0.3391935 0.0786451 0.2044854 0.1714016 0.0807774 0.0872299 0.1369055 0.0870348 0.3191782 0.2075803 0.1478362 0.1033319 0.3115281 0.3115281 0.3325296 0.1024100 0.0247611 0.1918013 0.3167362 0.3394169 0.1966528 0.3416009 0.1639298 0.3407384 0.3348340 0.0961936 0.3261890 0.3244341 0.3428843 
OQ102946.1|Sri_Lanka|NA|NA|Dengue_2|2021-12-01|2021.91506849315                               0.3270861 0.2195506 0.0528530 0.3736138 0.3448222 0.0615948 0.0659269 0.0387009 0.0491246 0.3256045 0.3374845 0.3626595 0.3685523 0.3469624 0.3719429 0.3524099 0.1429407 0.1510471 0.1152407 0.3456438 0.0267699 0.0000000 0.0530975 0.3541721 0.2237517 0.3250516 0.3837139 0.0490144 0.1153589 0.2263088 0.0976743 0.2318343 0.3348244 0.4018513 0.3652153 0.3627173 0.0209591 0.1177923 0.2167824 0.3623062 0.3668638 0.3309358 0.2214928 0.3545712 0.2234511 0.0507633 0.1007527 0.0467238 0.1494067 0.1441468 0.0468713 0.3610495 0.3286359 0.1492447 0.1417828 0.1468617 0.1468617 0.3597794 0.3441272 0.2164612 0.2255095 0.3326770 0.2117271 0.2273814 0.1441468 0.3540349 0.2072597 0.1470276 0.1466556 0.1476158 0.1153978 0.2148122 0.0228767 0.0347220 0.3439240 0.3483945 0.3239445 0.3365374 0.0922142 0.3589513 0.3358663 0.3619994 0.0921845 0.2161445 0.1822588 0.0899892 0.0921764 0.1470876 0.0963454 0.3309141 0.2193215 0.1533460 0.1130831 0.3230532 0.3230532 0.3445617 0.1153869 0.0367144 0.2030555 0.3283115 0.3622928 0.2081704 0.3644462 0.1823156 0.3634758 0.3574310 0.1057450 0.3379465 0.3363859 0.3658820 
OP599687.1|Brazil|Pontal_do_Parana|Parana|Dengue_2|2022-03-18|2022.20821917808                0.3299109 0.2330317 0.0549323 0.3764850 0.3319269 0.0637266 0.0724775 0.0448345 0.0151720 0.3354539 0.3408959 0.3600469 0.3640929 0.3498335 0.3674511 0.3481237 0.1329900 0.1410828 0.1173357 0.3484739 0.0406904 0.0530975 0.0000000 0.3552097 0.2241067 0.3278905 0.3731004 0.0112997 0.1174181 0.2397832 0.1087122 0.2376033 0.3179676 0.3765857 0.3608294 0.3583401 0.0347555 0.1198551 0.2300278 0.3639419 0.3635494 0.3337681 0.2272085 0.3495331 0.2291624 0.0528324 0.1072130 0.0487783 0.1394135 0.1440824 0.0489334 0.3645886 0.3254812 0.1392628 0.1417191 0.1369143 0.1369143 0.3493143 0.3499056 0.2360656 0.2283697 0.3293007 0.2249243 0.2472481 0.1440824 0.3496670 0.2204623 0.1370664 0.1367280 0.1376045 0.1174578 0.2280878 0.0367045 0.0408066 0.3396429 0.3424121 0.3198758 0.3265807 0.0942463 0.3485397 0.3326807 0.3515654 0.0942162 0.2295450 0.1949882 0.0876606 0.1030233 0.1544273 0.1027798 0.3277259 0.2327893 0.1558809 0.1196935 0.3258659 0.3258659 0.3413302 0.1151261 0.0387321 0.2160869 0.3251607 0.3518265 0.2214763 0.3540026 0.1928142 0.3530793 0.3470779 0.1077899 0.3347720 0.3392480 0.3553721 
ON634710.1|Brazil|Sao_Paulo|Mogi_Mirim|Dengue_2|2020-02-08|2020.10410958904                   0.3244910 0.3018918 0.3692815 0.3705238 0.3275591 0.3712728 0.3827224 0.3654154 0.3629709 0.1314601 0.1264651 0.0614408 0.0726792 0.1267614 0.0770419 0.1310199 0.3395705 0.3443163 0.3579344 0.3500828 0.3327720 0.3541721 0.3552097 0.0000000 0.3779996 0.3439649 0.1060704 0.3533800 0.3605293 0.3345828 0.3576302 0.3674108 0.1164588 0.0887287 0.1224507 0.1210297 0.3366449 0.3645572 0.3054446 0.0704708 0.3679771 0.3524081 0.3759133 0.3553067 0.3715271 0.3733601 0.3437550 0.3548199 0.3369817 0.3357776 0.3619209 0.0308200 0.3430351 0.3396947 0.3327102 0.3366126 0.3366126 0.0598348 0.3383281 0.3022767 0.3047980 0.3302024 0.2985200 0.3091166 0.3357776 0.1191449 0.3254510 0.3371641 0.3296456 0.3428221 0.3881775 0.3247011 0.3327720 0.3625321 0.1242179 0.1286526 0.1083655 0.0993771 0.3368383 0.0660144 0.3426409 0.0639181 0.3552016 0.3233315 0.2795189 0.3545694 0.3331798 0.3645381 0.3498061 0.3462657 0.3045052 0.3475292 0.3636134 0.3340330 0.3280184 0.3392030 0.3498472 0.3433625 0.2924048 0.3409799 0.0641432 0.3091742 0.0661804 0.3211800 0.0619027 0.0577306 0.3489267 0.3238558 0.3512773 0.0598348 
ON908223.1|Niger|NA|NA|Dengue_2|2019-06-15|2019.45205479452                                   0.3780015 0.2415093 0.2232173 0.4295860 0.3548565 0.2201260 0.2381509 0.2174094 0.2194790 0.3354083 0.3545731 0.3714217 0.3686916 0.3583132 0.3817156 0.3586488 0.2090214 0.2126770 0.2239094 0.3912898 0.1988750 0.2237517 0.2241067 0.3779996 0.0000000 0.3726763 0.4000182 0.2187696 0.2228315 0.2569666 0.2219111 0.0366727 0.3136394 0.3815932 0.3576388 0.3551742 0.2018246 0.2258945 0.2397409 0.3685358 0.4078815 0.3704569 0.0093792 0.3971601 0.0209335 0.2201542 0.2136531 0.2044055 0.2296256 0.2316315 0.2100002 0.3814819 0.3635119 0.2293687 0.2289568 0.2266919 0.2266919 0.3600129 0.3865304 0.2593084 0.2420279 0.3593700 0.2279544 0.2628834 0.2316315 0.3405953 0.2234839 0.2269890 0.2262873 0.2250234 0.2314585 0.2281841 0.1988750 0.2120230 0.3565161 0.3400807 0.3172027 0.3280960 0.2034244 0.3591925 0.3692095 0.3622083 0.1957912 0.2550757 0.2294874 0.2057730 0.1973205 0.2244685 0.2128787 0.3704329 0.2412581 0.2308390 0.2254797 0.3674539 0.3674539 0.3722167 0.2266592 0.2044142 0.2399311 0.3612738 0.3685272 0.2458453 0.3646290 0.1390464 0.3576871 0.3576871 0.2145044 0.3851799 0.3883361 0.3600129 
ON046265.1|Thailand|NA|NA|Dengue_2|2012-12-02|2012.91780821918                                0.0427453 0.3048257 0.3253074 0.0679929 0.0274564 0.3270343 0.3547861 0.3215398 0.3369544 0.3418015 0.3257588 0.3314077 0.3536669 0.3135115 0.3527344 0.3194062 0.2933674 0.3012346 0.2999944 0.0305134 0.3133891 0.3250516 0.3278905 0.3439649 0.3726763 0.0000000 0.3441492 0.3355770 0.3362575 0.3253640 0.3229968 0.3489120 0.2847861 0.3508049 0.3194768 0.3145088 0.3111532 0.3401446 0.3003428 0.3245577 0.0552439 0.0446385 0.3767935 0.0344978 0.3642446 0.3095381 0.3058211 0.3036102 0.2910753 0.2930237 0.3238696 0.3412208 0.0347346 0.2907421 0.2901215 0.2878344 0.2878344 0.3219822 0.0488450 0.3273259 0.3132865 0.0366127 0.3118262 0.3222760 0.2930237 0.3139652 0.3177612 0.2805153 0.2814218 0.3029928 0.3443329 0.3258882 0.3074691 0.3203030 0.3228636 0.3325991 0.3074604 0.2968544 0.3031428 0.3213285 0.0346379 0.3243319 0.3076362 0.3100381 0.2869567 0.3126822 0.3131891 0.3064040 0.3177563 0.0366525 0.3074131 0.2973704 0.3393032 0.0346713 0.0307258 0.0347917 0.3488966 0.2950261 0.3055150 0.0306368 0.3231441 0.3134981 0.3329512 0.3135924 0.3261373 0.3261373 0.3430314 0.0426834 0.0490908 0.3279961 
ON123645.1|Peru|NA|NA|Dengue_2|2021-06-18|2021.4602739726                                     0.3251063 0.3386769 0.3766292 0.3668715 0.3419234 0.3819248 0.3962533 0.3831253 0.3746842 0.1387721 0.1475546 0.1037843 0.0591076 0.1285116 0.0674647 0.1425958 0.3660832 0.3702775 0.3915651 0.3561246 0.3603490 0.3837139 0.3731004 0.1060704 0.4000182 0.3441492 0.0000000 0.3651657 0.3741409 0.3702884 0.3776050 0.3896735 0.1307003 0.0686837 0.1337677 0.1371101 0.3582663 0.3781528 0.3284443 0.0630924 0.3458072 0.3285276 0.3980428 0.3612774 0.3936250 0.3726291 0.3574057 0.3587686 0.3632414 0.3680246 0.3755689 0.0879230 0.3372783 0.3720149 0.3649914 0.3689696 0.3689696 0.0488028 0.3386394 0.3258442 0.3433332 0.3158787 0.3404256 0.3267443 0.3680246 0.1352518 0.3609590 0.3695864 0.3619588 0.3692858 0.3870378 0.3601105 0.3543856 0.3803108 0.1500613 0.1354664 0.1197940 0.1106649 0.3471401 0.0507530 0.3250157 0.0487293 0.3687985 0.3469891 0.3142359 0.3681526 0.3530971 0.3842773 0.3693490 0.3225598 0.3412726 0.3594050 0.3771727 0.3344391 0.3285580 0.3211632 0.3507302 0.3613358 0.3214955 0.3353192 0.0446521 0.3388928 0.0386975 0.3547085 0.0386545 0.0426479 0.3565826 0.3185834 0.3512900 0.0528662 
ON123641.1|Peru|NA|NA|Dengue_2|2021-03-24|2021.22465753425                                    0.3299109 0.2277159 0.0508557 0.3847606 0.3446610 0.0595604 0.0682388 0.0408116 0.0113447 0.3199486 0.3392346 0.3581890 0.3562287 0.3344494 0.3595422 0.3346072 0.1282956 0.1363944 0.1081257 0.3563355 0.0367045 0.0490144 0.0112997 0.3533800 0.2187696 0.3355770 0.3651657 0.0000000 0.1128785 0.2344743 0.1042097 0.2322020 0.3071550 0.3711037 0.3471451 0.3446552 0.0308002 0.1152953 0.2300278 0.3560881 0.3717096 0.3354155 0.2218453 0.3574257 0.2238055 0.0487727 0.1027828 0.0447415 0.1347092 0.1393532 0.0448819 0.3627047 0.3330563 0.1345636 0.1370022 0.1322274 0.1322274 0.3415650 0.3499056 0.2360656 0.2231247 0.3341734 0.2197170 0.2472481 0.1393532 0.3359177 0.2152501 0.1323733 0.1320498 0.1328893 0.1129162 0.2228511 0.0327419 0.0368082 0.3379803 0.3348427 0.3125606 0.3250567 0.0898737 0.3408307 0.3403663 0.3438306 0.0898447 0.2242590 0.1899505 0.0876606 0.0986034 0.1448315 0.0983736 0.3353934 0.2274786 0.1463359 0.1151418 0.3258659 0.3258659 0.3491711 0.1103240 0.0347536 0.2109406 0.3327248 0.3440682 0.2162230 0.3462533 0.1876961 0.3453667 0.3394159 0.1011757 0.3484752 0.3471082 0.3475708 
MZ857215.1|Somalia|NA|NA|Dengue_2|2015-06-15|2015.45205479452                                 0.3426330 0.2295828 0.1170726 0.3856774 0.3415434 0.1275519 0.1372908 0.1083407 0.1131691 0.3182134 0.3341399 0.3555205 0.3571803 0.3429235 0.3701776 0.3407644 0.1323814 0.1404330 0.1214460 0.3546088 0.1011143 0.1153589 0.1174181 0.3605293 0.2228315 0.3362575 0.3741409 0.1128785 0.0000000 0.2425348 0.0990561 0.2392505 0.3159528 0.3712405 0.3535556 0.3508774 0.0990249 0.0018660 0.2155133 0.3510103 0.3788364 0.3421956 0.2259053 0.3520569 0.2278470 0.1146530 0.0977202 0.1056852 0.1409292 0.1433409 0.1151208 0.3575794 0.3337184 0.1361011 0.1409931 0.1337758 0.1337758 0.3424488 0.3585996 0.2379180 0.2302163 0.3404568 0.2215727 0.2192618 0.1433409 0.3421782 0.2275459 0.1339228 0.1335965 0.1344427 0.0677219 0.2299326 0.1011143 0.1038253 0.3388436 0.3281905 0.3069320 0.3194797 0.0509143 0.3417073 0.3410627 0.3447210 0.0592945 0.2366964 0.2077127 0.0914101 0.0933491 0.1386455 0.0933686 0.3421730 0.2293445 0.1495387 0.0018643 0.3401801 0.3341263 0.3499124 0.1165401 0.0921502 0.2239026 0.3394172 0.3449622 0.2294645 0.3394845 0.1902688 0.3462603 0.3402821 0.0979790 0.3605237 0.3399449 0.3484826 
MZ857218.1|Eritrea|NA|NA|Dengue_2|2017-06-15|2017.45205479452                                 0.3273750 0.0494368 0.2282802 0.3691682 0.3267915 0.2274277 0.2475903 0.2192489 0.2352401 0.3278033 0.3277827 0.3702893 0.3326438 0.3511811 0.3395382 0.3245748 0.2165082 0.2271905 0.2357884 0.3372893 0.2145049 0.2263088 0.2397832 0.3345828 0.2569666 0.3253640 0.3702884 0.2344743 0.2425348 0.0000000 0.2250986 0.2517629 0.3122063 0.3513925 0.3455972 0.3286570 0.2122942 0.2456636 0.1265122 0.3446863 0.3632575 0.3336421 0.2656314 0.3485030 0.2651759 0.2304792 0.2109423 0.2252714 0.2263735 0.2344986 0.2248416 0.3494380 0.3364354 0.2261245 0.2318531 0.2235011 0.2235011 0.3482209 0.3411183 0.1227661 0.0552857 0.3303470 0.0491373 0.1320961 0.2344986 0.3511489 0.0511802 0.2237877 0.2178799 0.2301201 0.2328807 0.0572218 0.2093401 0.2116850 0.3280361 0.3090745 0.3299847 0.3092979 0.2145928 0.3474445 0.3360592 0.3504964 0.2249597 0.0899385 0.0550943 0.2246123 0.2134582 0.2373090 0.2212546 0.3395796 0.0493880 0.2134424 0.2451973 0.3292949 0.3292949 0.3386477 0.2582642 0.2038198 0.0676512 0.3285852 0.3446602 0.0788528 0.3529557 0.2013512 0.3459753 0.3399292 0.2334825 0.3212099 0.3504199 0.3482209 
OL321186.1|Papua_New_Guinea|NCD|Hohola|Dengue_2|2016-04-12|2016.27671232877                   0.3295449 0.2148683 0.1083986 0.3723110 0.3357451 0.1140932 0.1286843 0.1018153 0.1044746 0.2966585 0.3157354 0.3470570 0.3543165 0.3218107 0.3674478 0.3218345 0.1206527 0.1265668 0.1037266 0.3537108 0.0882074 0.0976743 0.1087122 0.3576302 0.2219111 0.3229968 0.3776050 0.1042097 0.0990561 0.2250986 0.0000000 0.2384535 0.3018049 0.3716368 0.3310601 0.3318550 0.0861286 0.1014003 0.2103261 0.3419978 0.3667305 0.3407926 0.2196456 0.3529631 0.2216107 0.0968567 0.0329084 0.0926981 0.1223972 0.1247408 0.1064352 0.3546806 0.3298001 0.1222659 0.1224439 0.1199793 0.1199793 0.3394256 0.3577203 0.2241549 0.2182461 0.3250617 0.2096951 0.2270197 0.1247408 0.3254414 0.2163709 0.1201087 0.1152703 0.1205646 0.0993426 0.2240223 0.0882074 0.0973340 0.3069848 0.2971531 0.3056590 0.3154137 0.0683294 0.3386897 0.3371511 0.3417344 0.0811065 0.2140926 0.1908922 0.0309186 0.0594062 0.1204755 0.0210569 0.3346485 0.2172669 0.1312906 0.0968413 0.3331274 0.3270519 0.3319951 0.0855161 0.0793879 0.2068624 0.3294694 0.3381098 0.2089303 0.3502661 0.1801038 0.3433032 0.3372636 0.0721240 0.3395021 0.3344868 0.3455222 
OM317565.1|Cameroon|Africa|NA|Dengue_2|2020-06-24|2020.47671232877                            0.3523456 0.2386670 0.2259155 0.4028228 0.3367298 0.2282511 0.2409702 0.2253907 0.2329721 0.3313209 0.3480041 0.3705190 0.3582916 0.3746659 0.3652641 0.3639592 0.2245733 0.2281330 0.2345107 0.3550324 0.2066897 0.2318343 0.2376033 0.3674108 0.0366727 0.3489120 0.3896735 0.2322020 0.2392505 0.2517629 0.2384535 0.0000000 0.3225562 0.3703449 0.3570278 0.3604804 0.2096818 0.2424004 0.2484126 0.3581473 0.3710356 0.3408849 0.0347256 0.3667139 0.0287238 0.2228343 0.2245195 0.2070272 0.2399134 0.2418958 0.2126487 0.3710162 0.3341012 0.2396463 0.2392069 0.2369547 0.2369547 0.3495527 0.3565215 0.2564383 0.2392140 0.3223846 0.2251883 0.2599952 0.2418958 0.3459732 0.2207175 0.2372688 0.2365228 0.2353331 0.2480800 0.2359312 0.2066897 0.2176227 0.3499021 0.3454522 0.3166674 0.3275500 0.2194505 0.3487756 0.3397636 0.3518070 0.2170808 0.2521955 0.2267323 0.2218156 0.2131533 0.2348681 0.2289576 0.3408625 0.2384186 0.2304714 0.2419380 0.3380799 0.3380799 0.3424328 0.2445483 0.2175766 0.2371517 0.3321400 0.3581308 0.2430018 0.3542487 0.1460353 0.3473100 0.3473100 0.2307810 0.3591022 0.3581414 0.3556221 
MZ520914.1|Mexico|NA|NA|Dengue_2|2017-09-19|2017.71506849315                                  0.2748663 0.2857386 0.3334587 0.3114421 0.2534591 0.3370196 0.3543934 0.3155730 0.3223942 0.1029459 0.1159659 0.1261766 0.1034426 0.0258172 0.1131142 0.0415840 0.2931193 0.2888095 0.3049814 0.2969626 0.3087696 0.3348244 0.3179676 0.1164588 0.3136394 0.2847861 0.1307003 0.3071550 0.3159528 0.3122063 0.3018049 0.3225562 0.0000000 0.1151492 0.0222581 0.0265839 0.3064469 0.3198018 0.2738208 0.0987259 0.3130525 0.2906085 0.3144085 0.3019115 0.3102704 0.3227883 0.2879008 0.3109651 0.2910268 0.2930798 0.3320313 0.1134462 0.2841214 0.2937376 0.2900519 0.2906993 0.2906993 0.0939659 0.2918590 0.2835729 0.2882758 0.2892366 0.2905832 0.2780183 0.2930798 0.0244305 0.3115040 0.2911506 0.2865559 0.2963307 0.3240661 0.3035753 0.3026625 0.3126969 0.1037610 0.1010383 0.0629888 0.0652803 0.2840973 0.0961200 0.2861873 0.0984645 0.3053653 0.2886806 0.2800459 0.2936114 0.2756583 0.3009880 0.2925475 0.2816190 0.2884167 0.2793250 0.3190255 0.2818402 0.2758648 0.2822589 0.2980835 0.3034136 0.2872508 0.2825451 0.0868280 0.3042509 0.0961413 0.2652812 0.0913492 0.0867211 0.2886606 0.2709389 0.2903934 0.0893058 
