Map from character to field name
A:	Australia
B:	Bangladesh
C:	Bolivia
D:	Brazil
E:	Burkina_Faso
F:	Cambodia
G:	Cameroon
H:	China
I:	Colombia
J:	Cuba
K:	Democratic_Republic_of_the_Congo
L:	Dominican_Republic
M:	East_Timor
N:	Ecuador
O:	Egypt
P:	Eritrea
Q:	Fiji
R:	French_Polynesia
S:	Haiti
T:	India
U:	Indonesia
V:	Japan
W:	Kenya
X:	Laos
Y:	Malaysia
Z:	Mexico
[:	Myanmar
\:	Nepal
]:	New_Caledonia
^:	Nicaragua
_:	Niger
`:	Pakistan
a:	Papua_New_Guinea
b:	Paraguay
c:	Peru
d:	Philippines
e:	Reunion
f:	Singapore
g:	Somalia
h:	Sri_Lanka
i:	Taiwan
j:	Tanzania
k:	Thailand
l:	Vanuatu
m:	Vietnam
n:	?


Substitution rate (mu): 127.078583

Equilibrium frequencies (pi_i):
  A: 0.023
  B: 0.0222
  C: 0.0221
  D: 0.0226
  E: 0.0224
  F: 0.0219
  G: 0.0221
  H: 0.0224
  I: 0.0222
  J: 0.0224
  K: 0.0222
  L: 0.022
  M: 0.0222
  N: 0.0219
  O: 0.0222
  P: 0.0221
  Q: 0.0222
  R: 0.0222
  S: 0.0221
  T: 0.0219
  U: 0.0221
  V: 0.0224
  W: 0.0223
  X: 0.0218
  Y: 0.0218
  Z: 0.0224
  [: 0.0222
  \: 0.022
  ]: 0.0222
  ^: 0.022
  _: 0.0221
  `: 0.0224
  a: 0.022
  b: 0.0221
  c: 0.0226
  d: 0.0223
  e: 0.0219
  f: 0.0221
  g: 0.0226
  h: 0.0222
  i: 0.0224
  j: 0.022
  k: 0.022
  l: 0.0222
  m: 0.0234

Symmetrized rates from j->i (W_ij):
	A	B	C	D	E	F	G	H	I	J	K	L	M	N	O	P	Q	R	S	T	U	V	W	X	Y	Z	[	\	]	^	_	`	a	b	c	d	e	f	g	h	i	j	k	l	m
  A	0	1.0071	0.991	1.0063	1.0301	0.9914	1.0016	1.0724	1.0045	0.9913	1.0071	0.9909	1.3733	0.9967	0.9909	0.9913	1.0314	0.9909	0.991	1.0193	1.188	0.9943	1.0136	0.9912	1.5676	1.0304	0.9915	0.9913	0.991	0.9917	0.9916	1.0066	2.5514	0.991	0.9919	1.0537	0.9916	1.3318	1.0496	0.9922	1.0337	1.0297	1.08	0.9909	1.6191
  B	1.0071	0	0.986	1.3302	0.9973	0.9857	0.9889	0.9909	0.9897	0.9859	1.0452	0.9858	1.0052	0.9876	0.9856	0.9884	0.9878	0.9856	0.986	1.3796	0.9949	0.99	1.0678	0.9856	1.3986	0.9971	0.9855	0.9858	0.9855	0.9858	0.9858	1.2047	0.9863	0.9859	1.4419	0.989	0.987	0.9877	1.0031	0.9875	0.9886	0.9867	0.9884	0.9855	1.0033
  C	0.991	0.986	0	1.1959	0.986	0.982	0.9832	0.9844	0.9838	1.1502	0.9854	0.982	0.989	0.983	0.9819	0.982	0.9831	0.9819	1.0703	0.9874	0.9856	0.982	0.9865	0.982	0.9864	0.9869	0.9818	0.9819	0.9819	0.982	0.982	0.9847	0.9822	1.2478	1.3715	0.9836	0.9822	0.9823	0.9878	0.9819	0.9826	0.9825	0.9833	0.9819	0.9881
  D	1.0063	1.3302	1.1959	0	0.9921	0.9845	0.9866	0.9885	1.2778	1.0728	0.9906	1.4828	0.9986	1.1181	0.9844	0.9845	0.986	0.9843	1.3159	0.9948	0.9912	0.9854	0.9928	0.9845	1.0781	1.4219	0.9843	0.9844	0.9843	0.9889	0.9845	0.9898	0.9849	1.1455	1.7013	0.9869	0.9847	0.9853	0.9958	0.9847	0.9854	0.9852	0.9887	0.9843	1.009
  E	1.0301	0.9973	0.986	0.9921	0	0.986	1.6522	0.9955	0.991	0.9861	0.9977	0.9859	1.0384	0.9883	0.9859	0.9862	0.9906	0.9859	0.986	1.0059	1.0093	0.9862	1.0023	0.986	1.002	1.0004	0.986	0.986	0.9859	0.9863	1.5002	0.9968	0.9875	0.986	0.9864	0.9933	0.9863	0.9875	1.2512	0.986	0.9883	0.9888	0.9895	0.9859	1.0052
  F	0.9914	0.9857	0.982	0.9845	0.986	0	0.9832	0.9859	0.9837	0.9819	0.9854	0.9819	0.989	0.983	0.9819	0.9819	0.983	0.9819	0.982	0.9878	0.9855	0.9819	0.9865	0.982	0.9864	0.9869	0.9819	0.9819	0.9818	0.982	0.982	0.9847	0.9821	0.982	0.9822	0.9836	0.9823	0.9822	0.9879	0.9818	0.9826	0.9825	1.0505	0.9819	1.4791
  G	1.0016	0.9889	0.9832	0.9866	1.6522	0.9832	0	0.9875	0.9857	0.9832	0.9888	0.9831	1.0024	0.9845	0.9831	0.9832	0.9852	0.9831	0.9832	0.9924	0.9921	0.9832	0.9908	0.9831	0.9904	0.9904	0.9831	0.9831	0.9831	0.9833	0.9892	0.988	0.9837	0.9832	0.9834	0.9863	0.9834	0.9838	1.0583	0.9831	0.9842	0.9843	0.9851	0.9831	0.9928
  H	1.0724	0.9909	0.9844	0.9885	0.9955	0.9859	0.9875	0	0.9874	0.9844	0.9901	0.9843	1.3765	0.9859	0.9844	0.9844	1.0104	0.9843	0.9845	0.9945	1.1435	0.9869	0.9922	0.9846	1.4567	0.993	1.5353	0.9852	0.9844	0.9845	0.9845	0.9901	0.9866	0.9844	0.9849	1.0253	0.9848	0.9908	1.0011	0.9855	0.989	0.9886	1.4162	0.9843	1.7534
  I	1.0045	0.9897	0.9838	1.2778	0.991	0.9837	0.9857	0.9874	0	0.9843	0.9894	0.9843	0.997	1.11	0.9835	0.9837	0.9851	0.9835	0.9839	0.9934	0.99	0.9836	0.9915	0.9837	0.9896	1.4047	0.9835	0.9836	0.9835	0.9878	0.9837	0.9886	0.9841	0.9837	0.9843	0.986	0.9839	0.9841	0.9946	0.9835	0.9845	0.9844	0.9878	0.9835	1.0072
  J	0.9913	0.9859	1.1502	1.0728	0.9861	0.9819	0.9832	0.9844	0.9843	0	0.9855	0.9819	0.9891	0.9833	0.9818	0.9819	0.983	0.9818	1.0061	0.9875	0.9856	0.9819	0.9865	0.9819	0.9863	1.4892	0.9818	0.9818	0.9818	0.9881	0.9819	0.9847	0.9821	1.1069	1.1882	0.9836	0.9821	0.9822	0.988	0.9818	0.9825	0.9824	0.9834	0.9818	0.9886
  K	1.0071	1.0452	0.9854	0.9906	0.9977	0.9854	0.9888	0.9901	0.9894	0.9855	0	0.9853	1.005	0.9873	0.9853	0.9864	0.9875	0.9853	0.9855	1.0926	0.9946	0.9855	1.4866	0.9854	0.9938	0.9969	0.9853	0.9854	0.9853	0.9856	0.9856	1.0436	0.9861	0.9854	0.986	0.9887	0.9861	0.9861	1.0038	0.9853	0.9874	0.9865	0.9882	0.9853	1.0015
  L	0.9909	0.9858	0.982	1.4828	0.9859	0.9819	0.9831	0.9843	0.9843	0.9819	0.9853	0	0.9889	0.9832	0.9818	0.9818	0.9829	0.9818	0.982	0.9873	0.9855	0.9819	0.9864	0.9818	0.9862	0.9879	0.9817	0.9818	0.9817	0.9819	0.9819	0.9846	0.9821	0.9819	0.9823	0.9835	0.9821	0.9822	0.9877	0.9817	0.9825	0.9824	0.9832	0.9818	0.9881
  M	1.3733	1.0052	0.989	0.9986	1.0384	0.989	1.0024	1.3765	0.997	0.9891	1.005	0.9889	0	0.9923	0.989	0.9893	1.0994	0.9889	0.989	1.0163	2.2606	0.9956	1.0113	0.9889	1.3253	1.0122	0.9893	0.9892	0.9891	0.9893	0.9898	1.0045	1.0119	0.989	0.9898	1.1601	0.9893	1.0079	1.0633	0.9912	1.3446	1.3274	0.9946	0.9889	1.0213
  N	0.9967	0.9876	0.983	1.1181	0.9883	0.983	0.9845	0.9859	1.11	0.9833	0.9873	0.9832	0.9923	0	0.9828	0.9829	0.9842	0.9828	0.9831	0.9901	0.9876	0.9829	0.9888	0.9829	0.9878	1.3303	0.9828	0.9828	0.9828	0.9852	0.983	0.9865	0.9832	0.983	0.9834	0.9848	0.9831	0.9833	0.9909	0.9828	0.9836	0.9835	0.9855	0.9828	0.9966
  O	0.9909	0.9856	0.9819	0.9844	0.9859	0.9819	0.9831	0.9844	0.9835	0.9818	0.9853	0.9818	0.989	0.9828	0	0.9819	0.983	0.9818	0.982	0.9873	0.9855	0.9978	0.9864	0.9819	1.0106	0.9865	0.9817	0.9818	0.9818	0.9819	0.9819	0.9846	0.9821	0.9819	0.9821	0.9836	0.9821	0.9822	0.9877	1.4946	0.9825	0.9824	0.9832	0.9818	0.988
  P	0.9913	0.9884	0.982	0.9845	0.9862	0.9819	0.9832	0.9844	0.9837	0.9819	0.9864	0.9818	0.9893	0.9829	0.9819	0	0.983	0.9819	0.982	1.4818	0.9857	0.9819	0.9878	0.9819	0.9862	0.9868	0.9818	0.9819	0.9818	0.982	0.982	0.9899	0.9821	0.982	0.9822	0.9836	0.9832	0.9822	0.9881	0.9818	0.984	0.9825	0.9833	0.9818	0.9909
  Q	1.0314	0.9878	0.9831	0.986	0.9906	0.983	0.9852	1.0104	0.9851	0.983	0.9875	0.9829	1.0994	0.9842	0.983	0.983	0	0.983	0.9831	0.9903	1.032	0.9832	0.9891	0.983	1.0041	0.989	0.983	0.983	1.474	0.9831	0.9831	0.9868	0.9842	0.9831	0.9833	1.7165	0.9832	0.9843	0.9944	0.983	0.9856	0.9853	0.9848	0.983	0.9912
  R	0.9909	0.9856	0.9819	0.9843	0.9859	0.9819	0.9831	0.9843	0.9835	0.9818	0.9853	0.9818	0.9889	0.9828	0.9818	0.9819	0.983	0	0.982	0.9873	0.9855	0.9819	0.9864	0.9819	0.986	0.9865	0.9817	0.9818	1.4781	0.9819	0.9819	0.9846	0.9821	0.9819	0.9821	0.9836	0.9821	0.9822	0.9877	0.9818	0.9825	0.9824	0.9832	0.9818	0.988
  S	0.991	0.986	1.0703	1.3159	0.986	0.982	0.9832	0.9845	0.9839	1.0061	0.9855	0.982	0.989	0.9831	0.982	0.982	0.9831	0.982	0	0.9874	0.9856	0.982	0.9865	0.982	0.9863	0.987	0.9819	0.9819	0.9819	0.9821	0.982	0.9847	0.9822	1.0458	1.0887	0.9837	0.9822	0.9823	0.9879	0.9819	0.9826	0.9825	0.9834	0.9819	0.9882
  T	1.0193	1.3796	0.9874	0.9948	1.0059	0.9878	0.9924	0.9945	0.9934	0.9875	1.0926	0.9873	1.0163	0.9901	0.9873	1.4818	0.9903	0.9873	0.9874	0	1.0008	0.9876	1.1329	0.9877	0.9993	1.0049	0.9873	0.9873	0.9873	0.9877	0.9877	1.6083	0.9884	0.9874	0.9881	0.992	1.3369	0.9884	1.0152	0.9873	1.4901	0.989	0.9923	0.9873	1.5225
  U	1.188	0.9949	0.9856	0.9912	1.0093	0.9855	0.9921	1.1435	0.99	0.9856	0.9946	0.9855	2.2606	0.9876	0.9855	0.9857	1.032	0.9855	0.9856	1.0008	0	0.9888	0.998	0.9855	1.1647	0.9984	0.9856	0.9857	0.9856	0.9857	0.9859	0.994	0.9958	0.9856	0.9861	1.057	0.9858	0.9944	1.0213	0.9866	1.1278	1.12	0.9888	0.9855	1.0034
  V	0.9943	0.99	0.982	0.9854	0.9862	0.9819	0.9832	0.9869	0.9836	0.9819	0.9855	0.9819	0.9956	0.9829	0.9978	0.9819	0.9832	0.9819	0.982	0.9876	0.9888	0	0.9866	0.9819	1.5365	0.9867	0.9818	0.9825	0.9818	0.982	0.982	0.9853	0.9822	0.982	0.9835	0.9839	0.9821	0.988	0.9881	1.5485	0.9829	0.9828	0.9833	0.9819	0.9897
  W	1.0136	1.0678	0.9865	0.9928	1.0023	0.9865	0.9908	0.9922	0.9915	0.9865	1.4866	0.9864	1.0113	0.9888	0.9864	0.9878	0.9891	0.9864	0.9865	1.1329	0.998	0.9866	0	0.9864	0.9966	1.001	0.9864	0.9864	0.9863	0.9867	0.9867	1.0659	0.9873	0.9865	0.9872	0.9905	0.9874	0.9873	1.0103	0.9864	0.9889	0.9877	0.9899	0.9864	1.0069
  X	0.9912	0.9856	0.982	0.9845	0.986	0.982	0.9831	0.9846	0.9837	0.9819	0.9854	0.9818	0.9889	0.9829	0.9819	0.9819	0.983	0.9819	0.982	0.9877	0.9855	0.9819	0.9864	0	0.9863	0.9869	0.9818	0.9819	0.9818	0.982	0.9819	0.9847	0.9821	0.9819	0.9821	0.9836	0.9822	0.9822	0.9878	0.9818	0.9825	0.9824	0.9835	0.9818	1.484
  Y	1.5676	1.3986	0.9864	1.0781	1.002	0.9864	0.9904	1.4567	0.9896	0.9863	0.9938	0.9862	1.3253	0.9878	1.0106	0.9862	1.0041	0.986	0.9863	0.9993	1.1647	1.5365	0.9966	0.9863	0	0.996	0.9866	1.4796	0.9861	0.9862	0.9863	1.4869	1.0291	0.9863	1.1097	1.0141	0.9866	2.2185	1.0102	1.4279	1.023	1.0197	0.9902	0.986	1.3312
  Z	1.0304	0.9971	0.9869	1.4219	1.0004	0.9869	0.9904	0.993	1.4047	1.4892	0.9969	0.9879	1.0122	1.3303	0.9865	0.9868	0.989	0.9865	0.987	1.0049	0.9984	0.9867	1.001	0.9869	0.996	0	0.9866	0.9866	0.9865	2.0388	0.9868	0.996	0.9876	0.9868	0.9878	0.9903	0.9871	0.9875	1.0075	0.9865	0.9881	0.9879	0.9963	0.9865	1.0451
  [	0.9915	0.9855	0.9818	0.9843	0.986	0.9819	0.9831	1.5353	0.9835	0.9818	0.9853	0.9817	0.9893	0.9828	0.9817	0.9818	0.983	0.9817	0.9819	0.9873	0.9856	0.9818	0.9864	0.9818	0.9866	0.9866	0	0.9817	0.9817	0.9818	0.9818	0.9845	0.982	0.9818	0.982	0.9837	0.982	0.9821	0.9878	0.9817	0.9824	0.9823	1.5263	0.9817	1.0055
  \	0.9913	0.9858	0.9819	0.9844	0.986	0.9819	0.9831	0.9852	0.9836	0.9818	0.9854	0.9818	0.9892	0.9828	0.9818	0.9819	0.983	0.9818	0.9819	0.9873	0.9857	0.9825	0.9864	0.9819	1.4796	0.9866	0.9817	0	0.9818	0.9819	0.9819	0.9861	0.9821	0.9819	0.9822	0.9836	0.9821	0.9838	0.9879	0.982	0.9826	0.9825	0.9832	0.9818	0.9885
  ]	0.991	0.9855	0.9819	0.9843	0.9859	0.9818	0.9831	0.9844	0.9835	0.9818	0.9853	0.9817	0.9891	0.9828	0.9818	0.9818	1.474	1.4781	0.9819	0.9873	0.9856	0.9818	0.9863	0.9818	0.9861	0.9865	0.9817	0.9818	0	0.9819	0.9818	0.9845	0.982	0.9819	0.982	0.9837	0.982	0.9821	0.9878	0.9817	0.9824	0.9824	0.9832	1.4796	0.9879
  ^	0.9917	0.9858	0.982	0.9889	0.9863	0.982	0.9833	0.9845	0.9878	0.9881	0.9856	0.9819	0.9893	0.9852	0.9819	0.982	0.9831	0.9819	0.9821	0.9877	0.9857	0.982	0.9867	0.982	0.9862	2.0388	0.9818	0.9819	0.9819	0	0.982	0.9848	0.9822	0.982	0.9822	0.9837	0.9822	0.9823	0.9882	0.9819	0.9826	0.9825	0.9835	0.9819	0.9893
  _	0.9916	0.9858	0.982	0.9845	1.5002	0.982	0.9892	0.9845	0.9837	0.9819	0.9856	0.9819	0.9898	0.983	0.9819	0.982	0.9831	0.9819	0.982	0.9877	0.9859	0.982	0.9867	0.9819	0.9863	0.9868	0.9818	0.9819	0.9818	0.982	0	0.9848	0.9822	0.982	0.9822	0.9837	0.9822	0.9823	0.9912	0.9818	0.9826	0.9825	0.9834	0.9819	0.9883
  `	1.0066	1.2047	0.9847	0.9898	0.9968	0.9847	0.988	0.9901	0.9886	0.9847	1.0436	0.9846	1.0045	0.9865	0.9846	0.9899	0.9868	0.9846	0.9847	1.6083	0.994	0.9853	1.0659	0.9847	1.4869	0.996	0.9845	0.9861	0.9845	0.9848	0.9848	0	0.9853	0.9847	0.9853	0.9881	0.9869	0.9868	1.0028	0.9848	0.9888	0.9857	0.9874	0.9846	1.0047
  a	2.5514	0.9863	0.9822	0.9849	0.9875	0.9821	0.9837	0.9866	0.9841	0.9821	0.9861	0.9821	1.0119	0.9832	0.9821	0.9821	0.9842	0.9821	0.9822	0.9884	0.9958	0.9822	0.9873	0.9821	1.0291	0.9876	0.982	0.9821	0.982	0.9822	0.9822	0.9853	0	0.9822	0.9824	0.9854	0.9823	0.9893	0.99	0.982	0.9835	0.9834	0.9837	0.9821	0.9896
  b	0.991	0.9859	1.2478	1.1455	0.986	0.982	0.9832	0.9844	0.9837	1.1069	0.9854	0.9819	0.989	0.983	0.9819	0.982	0.9831	0.9819	1.0458	0.9874	0.9856	0.982	0.9865	0.9819	0.9863	0.9868	0.9818	0.9819	0.9819	0.982	0.982	0.9847	0.9822	0	1.2983	0.9836	0.9822	0.9823	0.9878	0.9819	0.9826	0.9825	0.9833	0.9819	0.9881
  c	0.9919	1.4419	1.3715	1.7013	0.9864	0.9822	0.9834	0.9849	0.9843	1.1882	0.986	0.9823	0.9898	0.9834	0.9821	0.9822	0.9833	0.9821	1.0887	0.9881	0.9861	0.9835	0.9872	0.9821	1.1097	0.9878	0.982	0.9822	0.982	0.9822	0.9822	0.9853	0.9824	1.2983	0	0.9839	0.9824	0.9829	0.9884	0.9827	0.9828	0.9827	0.9836	0.9821	0.9888
  d	1.0537	0.989	0.9836	0.9869	0.9933	0.9836	0.9863	1.0253	0.986	0.9836	0.9887	0.9835	1.1601	0.9848	0.9836	0.9836	1.7165	0.9836	0.9837	0.992	1.057	0.9839	0.9905	0.9836	1.0141	0.9903	0.9837	0.9836	0.9837	0.9837	0.9837	0.9881	0.9854	0.9836	0.9839	0	0.9838	0.9855	0.9981	0.9836	0.9873	0.9869	0.9856	0.9835	0.993
  e	0.9916	0.987	0.9822	0.9847	0.9863	0.9823	0.9834	0.9848	0.9839	0.9821	0.9861	0.9821	0.9893	0.9831	0.9821	0.9832	0.9832	0.9821	0.9822	1.3369	0.9858	0.9821	0.9874	0.9822	0.9866	0.9871	0.982	0.9821	0.982	0.9822	0.9822	0.9869	0.9823	0.9822	0.9824	0.9838	0	0.9824	0.9883	0.982	0.9834	0.9827	0.9838	0.9821	1.2441
  f	1.3318	0.9877	0.9823	0.9853	0.9875	0.9822	0.9838	0.9908	0.9841	0.9822	0.9861	0.9822	1.0079	0.9833	0.9822	0.9822	0.9843	0.9822	0.9823	0.9884	0.9944	0.988	0.9873	0.9822	2.2185	0.9875	0.9821	0.9838	0.9821	0.9823	0.9823	0.9868	0.9893	0.9823	0.9829	0.9855	0.9824	0	0.9899	0.9847	0.9837	0.9835	0.9838	0.9822	0.9925
  g	1.0496	1.0031	0.9878	0.9958	1.2512	0.9879	1.0583	1.0011	0.9946	0.988	1.0038	0.9877	1.0633	0.9909	0.9877	0.9881	0.9944	0.9877	0.9879	1.0152	1.0213	0.9881	1.0103	0.9878	1.0102	1.0075	0.9878	0.9879	0.9878	0.9882	0.9912	1.0028	0.99	0.9878	0.9884	0.9981	0.9883	0.9899	0	0.9879	0.9916	1.4852	0.9924	0.9877	1.0141
  h	0.9922	0.9875	0.9819	0.9847	0.986	0.9818	0.9831	0.9855	0.9835	0.9818	0.9853	0.9817	0.9912	0.9828	1.4946	0.9818	0.983	0.9818	0.9819	0.9873	0.9866	1.5485	0.9864	0.9818	1.4279	0.9865	0.9817	0.982	0.9817	0.9819	0.9818	0.9848	0.982	0.9819	0.9827	0.9836	0.982	0.9847	0.9879	0	0.9826	0.9825	0.9832	0.9817	0.9886
  i	1.0337	0.9886	0.9826	0.9854	0.9883	0.9826	0.9842	0.989	0.9845	0.9825	0.9874	0.9825	1.3446	0.9836	0.9825	0.984	0.9856	0.9825	0.9826	1.4901	1.1278	0.9829	0.9889	0.9825	1.023	0.9881	0.9824	0.9826	0.9824	0.9826	0.9826	0.9888	0.9835	0.9826	0.9828	0.9873	0.9834	0.9837	0.9916	0.9826	0	1.164	0.9841	0.9825	0.9913
  j	1.0297	0.9867	0.9825	0.9852	0.9888	0.9825	0.9843	0.9886	0.9844	0.9824	0.9865	0.9824	1.3274	0.9835	0.9824	0.9825	0.9853	0.9824	0.9825	0.989	1.12	0.9828	0.9877	0.9824	1.0197	0.9879	0.9823	0.9825	0.9824	0.9825	0.9825	0.9857	0.9834	0.9825	0.9827	0.9869	0.9827	0.9835	1.4852	0.9825	1.164	0	0.984	0.9824	0.9897
  k	1.08	0.9884	0.9833	0.9887	0.9895	1.0505	0.9851	1.4162	0.9878	0.9834	0.9882	0.9832	0.9946	0.9855	0.9832	0.9833	0.9848	0.9832	0.9834	0.9923	0.9888	0.9833	0.9899	0.9835	0.9902	0.9963	1.5263	0.9832	0.9832	0.9835	0.9834	0.9874	0.9837	0.9833	0.9836	0.9856	0.9838	0.9838	0.9924	0.9832	0.9841	0.984	0	0.9832	2.3417
  l	0.9909	0.9855	0.9819	0.9843	0.9859	0.9819	0.9831	0.9843	0.9835	0.9818	0.9853	0.9818	0.9889	0.9828	0.9818	0.9818	0.983	0.9818	0.9819	0.9873	0.9855	0.9819	0.9864	0.9818	0.986	0.9865	0.9817	0.9818	1.4796	0.9819	0.9819	0.9846	0.9821	0.9819	0.9821	0.9835	0.9821	0.9822	0.9877	0.9817	0.9825	0.9824	0.9832	0	0.9879
  m	1.6191	1.0033	0.9881	1.009	1.0052	1.4791	0.9928	1.7534	1.0072	0.9886	1.0015	0.9881	1.0213	0.9966	0.988	0.9909	0.9912	0.988	0.9882	1.5225	1.0034	0.9897	1.0069	1.484	1.3312	1.0451	1.0055	0.9885	0.9879	0.9893	0.9883	1.0047	0.9896	0.9881	0.9888	0.993	1.2441	0.9925	1.0141	0.9886	0.9913	0.9897	2.3417	0.9879	0

Actual rates from j->i (Q_ij):
	A	B	C	D	E	F	G	H	I	J	K	L	M	N	O	P	Q	R	S	T	U	V	W	X	Y	Z	[	\	]	^	_	`	a	b	c	d	e	f	g	h	i	j	k	l	m
  A	0	0.0232	0.0228	0.0232	0.0237	0.0228	0.0231	0.0247	0.0231	0.0228	0.0232	0.0228	0.0316	0.023	0.0228	0.0228	0.0238	0.0228	0.0228	0.0235	0.0274	0.0229	0.0234	0.0228	0.0361	0.0237	0.0228	0.0228	0.0228	0.0228	0.0228	0.0232	0.0588	0.0228	0.0229	0.0243	0.0228	0.0307	0.0242	0.0229	0.0238	0.0237	0.0249	0.0228	0.0373
  B	0.0224	0	0.0219	0.0296	0.0222	0.0219	0.022	0.022	0.022	0.0219	0.0233	0.0219	0.0224	0.022	0.0219	0.022	0.022	0.0219	0.0219	0.0307	0.0221	0.022	0.0238	0.0219	0.0311	0.0222	0.0219	0.0219	0.0219	0.0219	0.0219	0.0268	0.0219	0.0219	0.0321	0.022	0.022	0.022	0.0223	0.022	0.022	0.0219	0.022	0.0219	0.0223
  C	0.0219	0.0218	0	0.0265	0.0218	0.0217	0.0217	0.0218	0.0218	0.0254	0.0218	0.0217	0.0219	0.0217	0.0217	0.0217	0.0217	0.0217	0.0237	0.0218	0.0218	0.0217	0.0218	0.0217	0.0218	0.0218	0.0217	0.0217	0.0217	0.0217	0.0217	0.0218	0.0217	0.0276	0.0303	0.0218	0.0217	0.0217	0.0218	0.0217	0.0217	0.0217	0.0217	0.0217	0.0219
  D	0.0227	0.03	0.027	0	0.0224	0.0222	0.0223	0.0223	0.0288	0.0242	0.0223	0.0335	0.0225	0.0252	0.0222	0.0222	0.0222	0.0222	0.0297	0.0224	0.0224	0.0222	0.0224	0.0222	0.0243	0.0321	0.0222	0.0222	0.0222	0.0223	0.0222	0.0223	0.0222	0.0258	0.0384	0.0223	0.0222	0.0222	0.0225	0.0222	0.0222	0.0222	0.0223	0.0222	0.0228
  E	0.0231	0.0223	0.0221	0.0222	0	0.0221	0.037	0.0223	0.0222	0.0221	0.0224	0.0221	0.0233	0.0221	0.0221	0.0221	0.0222	0.0221	0.0221	0.0225	0.0226	0.0221	0.0225	0.0221	0.0225	0.0224	0.0221	0.0221	0.0221	0.0221	0.0336	0.0223	0.0221	0.0221	0.0221	0.0223	0.0221	0.0221	0.028	0.0221	0.0221	0.0222	0.0222	0.0221	0.0225
  F	0.0217	0.0216	0.0215	0.0215	0.0216	0	0.0215	0.0216	0.0215	0.0215	0.0215	0.0215	0.0216	0.0215	0.0215	0.0215	0.0215	0.0215	0.0215	0.0216	0.0215	0.0215	0.0216	0.0215	0.0216	0.0216	0.0215	0.0215	0.0215	0.0215	0.0215	0.0215	0.0215	0.0215	0.0215	0.0215	0.0215	0.0215	0.0216	0.0215	0.0215	0.0215	0.023	0.0215	0.0323
  G	0.0222	0.0219	0.0218	0.0218	0.0366	0.0218	0	0.0219	0.0218	0.0218	0.0219	0.0218	0.0222	0.0218	0.0218	0.0218	0.0218	0.0218	0.0218	0.022	0.022	0.0218	0.0219	0.0218	0.0219	0.0219	0.0218	0.0218	0.0218	0.0218	0.0219	0.0219	0.0218	0.0218	0.0218	0.0218	0.0218	0.0218	0.0234	0.0218	0.0218	0.0218	0.0218	0.0218	0.022
  H	0.024	0.0222	0.022	0.0221	0.0223	0.0221	0.0221	0	0.0221	0.022	0.0222	0.022	0.0308	0.0221	0.022	0.022	0.0226	0.022	0.022	0.0223	0.0256	0.0221	0.0222	0.022	0.0326	0.0222	0.0344	0.022	0.022	0.022	0.022	0.0222	0.0221	0.022	0.022	0.0229	0.022	0.0222	0.0224	0.022	0.0221	0.0221	0.0317	0.022	0.0392
  I	0.0223	0.0219	0.0218	0.0283	0.022	0.0218	0.0218	0.0219	0	0.0218	0.0219	0.0218	0.0221	0.0246	0.0218	0.0218	0.0218	0.0218	0.0218	0.022	0.0219	0.0218	0.022	0.0218	0.0219	0.0311	0.0218	0.0218	0.0218	0.0219	0.0218	0.0219	0.0218	0.0218	0.0218	0.0218	0.0218	0.0218	0.022	0.0218	0.0218	0.0218	0.0219	0.0218	0.0223
  J	0.0222	0.0221	0.0258	0.024	0.0221	0.022	0.022	0.022	0.022	0	0.0221	0.022	0.0222	0.022	0.022	0.022	0.022	0.022	0.0225	0.0221	0.0221	0.022	0.0221	0.022	0.0221	0.0334	0.022	0.022	0.022	0.0221	0.022	0.0221	0.022	0.0248	0.0266	0.022	0.022	0.022	0.0221	0.022	0.022	0.022	0.022	0.022	0.0221
  K	0.0223	0.0232	0.0218	0.022	0.0221	0.0218	0.0219	0.0219	0.0219	0.0218	0	0.0218	0.0223	0.0219	0.0218	0.0219	0.0219	0.0218	0.0218	0.0242	0.022	0.0218	0.0329	0.0218	0.022	0.0221	0.0218	0.0218	0.0218	0.0218	0.0218	0.0231	0.0219	0.0218	0.0219	0.0219	0.0219	0.0219	0.0222	0.0218	0.0219	0.0219	0.0219	0.0218	0.0222
  L	0.0218	0.0217	0.0216	0.0326	0.0217	0.0216	0.0216	0.0217	0.0217	0.0216	0.0217	0	0.0218	0.0216	0.0216	0.0216	0.0216	0.0216	0.0216	0.0217	0.0217	0.0216	0.0217	0.0216	0.0217	0.0218	0.0216	0.0216	0.0216	0.0216	0.0216	0.0217	0.0216	0.0216	0.0216	0.0217	0.0216	0.0216	0.0217	0.0216	0.0216	0.0216	0.0216	0.0216	0.0218
  M	0.0305	0.0223	0.022	0.0222	0.0231	0.022	0.0223	0.0306	0.0222	0.022	0.0223	0.022	0	0.022	0.022	0.022	0.0244	0.022	0.022	0.0226	0.0502	0.0221	0.0225	0.022	0.0294	0.0225	0.022	0.022	0.022	0.022	0.022	0.0223	0.0225	0.022	0.022	0.0258	0.022	0.0224	0.0236	0.022	0.0299	0.0295	0.0221	0.022	0.0227
  N	0.0219	0.0217	0.0216	0.0245	0.0217	0.0216	0.0216	0.0216	0.0244	0.0216	0.0217	0.0216	0.0218	0	0.0216	0.0216	0.0216	0.0216	0.0216	0.0217	0.0217	0.0216	0.0217	0.0216	0.0217	0.0292	0.0216	0.0216	0.0216	0.0216	0.0216	0.0216	0.0216	0.0216	0.0216	0.0216	0.0216	0.0216	0.0217	0.0216	0.0216	0.0216	0.0216	0.0216	0.0219
  O	0.022	0.0219	0.0218	0.0218	0.0219	0.0218	0.0218	0.0218	0.0218	0.0218	0.0219	0.0218	0.0219	0.0218	0	0.0218	0.0218	0.0218	0.0218	0.0219	0.0219	0.0221	0.0219	0.0218	0.0224	0.0219	0.0218	0.0218	0.0218	0.0218	0.0218	0.0218	0.0218	0.0218	0.0218	0.0218	0.0218	0.0218	0.0219	0.0332	0.0218	0.0218	0.0218	0.0218	0.0219
  P	0.0219	0.0218	0.0217	0.0217	0.0218	0.0217	0.0217	0.0217	0.0217	0.0217	0.0218	0.0217	0.0219	0.0217	0.0217	0	0.0217	0.0217	0.0217	0.0327	0.0218	0.0217	0.0218	0.0217	0.0218	0.0218	0.0217	0.0217	0.0217	0.0217	0.0217	0.0219	0.0217	0.0217	0.0217	0.0217	0.0217	0.0217	0.0218	0.0217	0.0217	0.0217	0.0217	0.0217	0.0219
  Q	0.0229	0.0219	0.0218	0.0219	0.022	0.0218	0.0218	0.0224	0.0218	0.0218	0.0219	0.0218	0.0244	0.0218	0.0218	0.0218	0	0.0218	0.0218	0.022	0.0229	0.0218	0.0219	0.0218	0.0223	0.0219	0.0218	0.0218	0.0327	0.0218	0.0218	0.0219	0.0218	0.0218	0.0218	0.0381	0.0218	0.0218	0.0221	0.0218	0.0219	0.0219	0.0218	0.0218	0.022
  R	0.022	0.0219	0.0218	0.0218	0.0219	0.0218	0.0218	0.0218	0.0218	0.0218	0.0219	0.0218	0.0219	0.0218	0.0218	0.0218	0.0218	0	0.0218	0.0219	0.0219	0.0218	0.0219	0.0218	0.0219	0.0219	0.0218	0.0218	0.0328	0.0218	0.0218	0.0219	0.0218	0.0218	0.0218	0.0218	0.0218	0.0218	0.0219	0.0218	0.0218	0.0218	0.0218	0.0218	0.0219
  S	0.0219	0.0218	0.0237	0.0291	0.0218	0.0217	0.0217	0.0218	0.0218	0.0222	0.0218	0.0217	0.0219	0.0217	0.0217	0.0217	0.0217	0.0217	0	0.0218	0.0218	0.0217	0.0218	0.0217	0.0218	0.0218	0.0217	0.0217	0.0217	0.0217	0.0217	0.0218	0.0217	0.0231	0.0241	0.0218	0.0217	0.0217	0.0218	0.0217	0.0217	0.0217	0.0217	0.0217	0.0219
  T	0.0223	0.0302	0.0216	0.0218	0.022	0.0216	0.0217	0.0218	0.0218	0.0216	0.0239	0.0216	0.0223	0.0217	0.0216	0.0325	0.0217	0.0216	0.0216	0	0.0219	0.0216	0.0248	0.0216	0.0219	0.022	0.0216	0.0216	0.0216	0.0216	0.0216	0.0352	0.0217	0.0216	0.0216	0.0217	0.0293	0.0217	0.0222	0.0216	0.0326	0.0217	0.0217	0.0216	0.0333
  U	0.0262	0.022	0.0218	0.0219	0.0223	0.0218	0.0219	0.0253	0.0219	0.0218	0.022	0.0218	0.0499	0.0218	0.0218	0.0218	0.0228	0.0218	0.0218	0.0221	0	0.0218	0.022	0.0218	0.0257	0.0221	0.0218	0.0218	0.0218	0.0218	0.0218	0.022	0.022	0.0218	0.0218	0.0233	0.0218	0.022	0.0226	0.0218	0.0249	0.0247	0.0218	0.0218	0.0222
  V	0.0223	0.0222	0.022	0.0221	0.0221	0.022	0.0221	0.0222	0.0221	0.022	0.0221	0.022	0.0223	0.0221	0.0224	0.022	0.0221	0.022	0.022	0.0222	0.0222	0	0.0221	0.022	0.0345	0.0221	0.022	0.0221	0.022	0.022	0.022	0.0221	0.022	0.022	0.0221	0.0221	0.022	0.0222	0.0222	0.0348	0.0221	0.0221	0.0221	0.022	0.0222
  W	0.0226	0.0238	0.022	0.0221	0.0224	0.022	0.0221	0.0221	0.0221	0.022	0.0332	0.022	0.0226	0.0221	0.022	0.022	0.0221	0.022	0.022	0.0253	0.0223	0.022	0	0.022	0.0222	0.0223	0.022	0.022	0.022	0.022	0.022	0.0238	0.022	0.022	0.022	0.0221	0.022	0.022	0.0225	0.022	0.0221	0.022	0.0221	0.022	0.0225
  X	0.0216	0.0215	0.0214	0.0215	0.0215	0.0214	0.0215	0.0215	0.0215	0.0214	0.0215	0.0214	0.0216	0.0215	0.0214	0.0214	0.0215	0.0214	0.0214	0.0216	0.0215	0.0214	0.0215	0	0.0215	0.0215	0.0214	0.0214	0.0214	0.0214	0.0214	0.0215	0.0214	0.0214	0.0214	0.0215	0.0214	0.0214	0.0216	0.0214	0.0214	0.0214	0.0215	0.0214	0.0324
  Y	0.0342	0.0305	0.0215	0.0235	0.0219	0.0215	0.0216	0.0318	0.0216	0.0215	0.0217	0.0215	0.0289	0.0216	0.0221	0.0215	0.0219	0.0215	0.0215	0.0218	0.0254	0.0336	0.0218	0.0215	0	0.0218	0.0215	0.0323	0.0215	0.0215	0.0215	0.0325	0.0225	0.0215	0.0242	0.0221	0.0215	0.0485	0.0221	0.0312	0.0223	0.0223	0.0216	0.0215	0.0291
  Z	0.0231	0.0223	0.0221	0.0318	0.0224	0.0221	0.0222	0.0222	0.0314	0.0333	0.0223	0.0221	0.0227	0.0298	0.0221	0.0221	0.0221	0.0221	0.0221	0.0225	0.0224	0.0221	0.0224	0.0221	0.0223	0	0.0221	0.0221	0.0221	0.0456	0.0221	0.0223	0.0221	0.0221	0.0221	0.0222	0.0221	0.0221	0.0226	0.0221	0.0221	0.0221	0.0223	0.0221	0.0234
  [	0.0221	0.0219	0.0218	0.0219	0.0219	0.0218	0.0219	0.0341	0.0219	0.0218	0.0219	0.0218	0.022	0.0219	0.0218	0.0218	0.0219	0.0218	0.0218	0.022	0.0219	0.0218	0.0219	0.0218	0.0219	0.0219	0	0.0218	0.0218	0.0218	0.0218	0.0219	0.0218	0.0218	0.0218	0.0219	0.0218	0.0218	0.022	0.0218	0.0219	0.0218	0.0339	0.0218	0.0224
  \	0.0218	0.0217	0.0216	0.0217	0.0217	0.0216	0.0216	0.0217	0.0217	0.0216	0.0217	0.0216	0.0218	0.0216	0.0216	0.0216	0.0216	0.0216	0.0216	0.0217	0.0217	0.0216	0.0217	0.0216	0.0326	0.0217	0.0216	0	0.0216	0.0216	0.0216	0.0217	0.0216	0.0216	0.0216	0.0217	0.0216	0.0217	0.0218	0.0216	0.0216	0.0216	0.0217	0.0216	0.0218
  ]	0.022	0.0219	0.0218	0.0219	0.0219	0.0218	0.0219	0.0219	0.0219	0.0218	0.0219	0.0218	0.022	0.0219	0.0218	0.0218	0.0328	0.0329	0.0218	0.022	0.0219	0.0218	0.0219	0.0218	0.0219	0.0219	0.0218	0.0218	0	0.0218	0.0218	0.0219	0.0218	0.0218	0.0218	0.0219	0.0218	0.0218	0.022	0.0218	0.0219	0.0219	0.0219	0.0329	0.022
  ^	0.0218	0.0217	0.0216	0.0217	0.0217	0.0216	0.0216	0.0216	0.0217	0.0217	0.0217	0.0216	0.0217	0.0216	0.0216	0.0216	0.0216	0.0216	0.0216	0.0217	0.0217	0.0216	0.0217	0.0216	0.0217	0.0448	0.0216	0.0216	0.0216	0	0.0216	0.0216	0.0216	0.0216	0.0216	0.0216	0.0216	0.0216	0.0217	0.0216	0.0216	0.0216	0.0216	0.0216	0.0217
  _	0.0219	0.0218	0.0217	0.0218	0.0332	0.0217	0.0219	0.0218	0.0218	0.0217	0.0218	0.0217	0.0219	0.0217	0.0217	0.0217	0.0217	0.0217	0.0217	0.0218	0.0218	0.0217	0.0218	0.0217	0.0218	0.0218	0.0217	0.0217	0.0217	0.0217	0	0.0218	0.0217	0.0217	0.0217	0.0218	0.0217	0.0217	0.0219	0.0217	0.0217	0.0217	0.0217	0.0217	0.0219
  `	0.0226	0.027	0.0221	0.0222	0.0223	0.0221	0.0222	0.0222	0.0222	0.0221	0.0234	0.0221	0.0225	0.0221	0.0221	0.0222	0.0221	0.0221	0.0221	0.0361	0.0223	0.0221	0.0239	0.0221	0.0333	0.0223	0.0221	0.0221	0.0221	0.0221	0.0221	0	0.0221	0.0221	0.0221	0.0222	0.0221	0.0221	0.0225	0.0221	0.0222	0.0221	0.0221	0.0221	0.0225
  a	0.056	0.0217	0.0216	0.0216	0.0217	0.0216	0.0216	0.0217	0.0216	0.0216	0.0217	0.0216	0.0222	0.0216	0.0216	0.0216	0.0216	0.0216	0.0216	0.0217	0.0219	0.0216	0.0217	0.0216	0.0226	0.0217	0.0216	0.0216	0.0216	0.0216	0.0216	0.0216	0	0.0216	0.0216	0.0216	0.0216	0.0217	0.0217	0.0216	0.0216	0.0216	0.0216	0.0216	0.0217
  b	0.0219	0.0218	0.0276	0.0254	0.0218	0.0217	0.0218	0.0218	0.0218	0.0245	0.0218	0.0217	0.0219	0.0218	0.0217	0.0217	0.0218	0.0217	0.0231	0.0219	0.0218	0.0217	0.0218	0.0217	0.0218	0.0218	0.0217	0.0217	0.0217	0.0217	0.0217	0.0218	0.0217	0	0.0287	0.0218	0.0217	0.0217	0.0219	0.0217	0.0217	0.0217	0.0218	0.0217	0.0219
  c	0.0224	0.0326	0.031	0.0384	0.0223	0.0222	0.0222	0.0222	0.0222	0.0268	0.0223	0.0222	0.0224	0.0222	0.0222	0.0222	0.0222	0.0222	0.0246	0.0223	0.0223	0.0222	0.0223	0.0222	0.0251	0.0223	0.0222	0.0222	0.0222	0.0222	0.0222	0.0223	0.0222	0.0293	0	0.0222	0.0222	0.0222	0.0223	0.0222	0.0222	0.0222	0.0222	0.0222	0.0223
  d	0.0235	0.022	0.0219	0.022	0.0221	0.0219	0.022	0.0229	0.022	0.0219	0.022	0.0219	0.0259	0.0219	0.0219	0.0219	0.0383	0.0219	0.0219	0.0221	0.0236	0.0219	0.0221	0.0219	0.0226	0.0221	0.0219	0.0219	0.0219	0.0219	0.0219	0.022	0.022	0.0219	0.0219	0	0.0219	0.022	0.0222	0.0219	0.022	0.022	0.022	0.0219	0.0221
  e	0.0218	0.0217	0.0216	0.0216	0.0216	0.0216	0.0216	0.0216	0.0216	0.0215	0.0216	0.0215	0.0217	0.0216	0.0215	0.0216	0.0216	0.0215	0.0216	0.0293	0.0216	0.0215	0.0217	0.0216	0.0216	0.0217	0.0215	0.0215	0.0215	0.0216	0.0215	0.0217	0.0216	0.0215	0.0216	0.0216	0	0.0216	0.0217	0.0215	0.0216	0.0216	0.0216	0.0215	0.0273
  f	0.0294	0.0218	0.0217	0.0218	0.0218	0.0217	0.0218	0.0219	0.0218	0.0217	0.0218	0.0217	0.0223	0.0217	0.0217	0.0217	0.0218	0.0217	0.0217	0.0219	0.022	0.0218	0.0218	0.0217	0.0491	0.0218	0.0217	0.0218	0.0217	0.0217	0.0217	0.0218	0.0219	0.0217	0.0217	0.0218	0.0217	0	0.0219	0.0218	0.0218	0.0217	0.0218	0.0217	0.0219
  g	0.0238	0.0227	0.0224	0.0225	0.0283	0.0224	0.0239	0.0227	0.0225	0.0224	0.0227	0.0224	0.0241	0.0224	0.0224	0.0224	0.0225	0.0224	0.0224	0.023	0.0231	0.0224	0.0229	0.0224	0.0229	0.0228	0.0224	0.0224	0.0224	0.0224	0.0224	0.0227	0.0224	0.0224	0.0224	0.0226	0.0224	0.0224	0	0.0224	0.0224	0.0336	0.0225	0.0224	0.0229
  h	0.022	0.0219	0.0218	0.0218	0.0219	0.0218	0.0218	0.0218	0.0218	0.0218	0.0218	0.0218	0.022	0.0218	0.0331	0.0218	0.0218	0.0218	0.0218	0.0219	0.0219	0.0343	0.0219	0.0218	0.0316	0.0219	0.0218	0.0218	0.0218	0.0218	0.0218	0.0218	0.0218	0.0218	0.0218	0.0218	0.0218	0.0218	0.0219	0	0.0218	0.0218	0.0218	0.0218	0.0219
  i	0.0231	0.0221	0.022	0.022	0.0221	0.022	0.022	0.0221	0.022	0.022	0.0221	0.022	0.0301	0.022	0.022	0.022	0.022	0.022	0.022	0.0333	0.0252	0.022	0.0221	0.022	0.0229	0.0221	0.022	0.022	0.022	0.022	0.022	0.0221	0.022	0.022	0.022	0.0221	0.022	0.022	0.0222	0.022	0	0.026	0.022	0.022	0.0222
  j	0.0227	0.0217	0.0216	0.0217	0.0218	0.0216	0.0217	0.0218	0.0217	0.0216	0.0217	0.0216	0.0292	0.0216	0.0216	0.0216	0.0217	0.0216	0.0216	0.0218	0.0246	0.0216	0.0217	0.0216	0.0224	0.0217	0.0216	0.0216	0.0216	0.0216	0.0216	0.0217	0.0216	0.0216	0.0216	0.0217	0.0216	0.0216	0.0327	0.0216	0.0256	0	0.0216	0.0216	0.0218
  k	0.0237	0.0217	0.0216	0.0217	0.0218	0.0231	0.0217	0.0311	0.0217	0.0216	0.0217	0.0216	0.0219	0.0217	0.0216	0.0216	0.0217	0.0216	0.0216	0.0218	0.0217	0.0216	0.0218	0.0216	0.0218	0.0219	0.0336	0.0216	0.0216	0.0216	0.0216	0.0217	0.0216	0.0216	0.0216	0.0217	0.0216	0.0216	0.0218	0.0216	0.0216	0.0216	0	0.0216	0.0515
  l	0.022	0.0219	0.0218	0.0219	0.0219	0.0218	0.0219	0.0219	0.0219	0.0218	0.0219	0.0218	0.022	0.0218	0.0218	0.0218	0.0219	0.0218	0.0218	0.0219	0.0219	0.0218	0.0219	0.0218	0.0219	0.0219	0.0218	0.0218	0.0329	0.0218	0.0218	0.0219	0.0218	0.0218	0.0218	0.0219	0.0218	0.0218	0.022	0.0218	0.0218	0.0218	0.0219	0	0.022
  m	0.0379	0.0235	0.0231	0.0236	0.0235	0.0346	0.0232	0.041	0.0236	0.0231	0.0234	0.0231	0.0239	0.0233	0.0231	0.0232	0.0232	0.0231	0.0231	0.0356	0.0235	0.0231	0.0235	0.0347	0.0311	0.0244	0.0235	0.0231	0.0231	0.0231	0.0231	0.0235	0.0231	0.0231	0.0231	0.0232	0.0291	0.0232	0.0237	0.0231	0.0232	0.0231	0.0548	0.0231	0
