Map from character to field name
A:	Australia
B:	Barbados
C:	Bhutan
D:	Bolivia
E:	Brazil
F:	Brunei
G:	Burkina_Faso
H:	Cambodia
I:	Cameroon
J:	China
K:	Colombia
L:	Costa_Rica
M:	Cuba
N:	Democratic_Republic_of_the_Congo
O:	Dominica
P:	Dominican_Republic
Q:	Ecuador
R:	El_Salvador
S:	Eritrea
T:	Fiji
U:	French_Polynesia
V:	Gabon
W:	Gambia
X:	Germany
Y:	Haiti
Z:	India
[:	Indonesia
\:	Israel
]:	Italy
^:	Japan
_:	Kenya
`:	Kiribati
a:	Laos
b:	Maldives
c:	Mexico
d:	Myanmar
e:	Pakistan
f:	Panama
g:	Papua_New_Guinea
h:	Philippines
i:	Puerto_Rico
j:	Reunion
k:	Saudi_Arabia
l:	Singapore
m:	Sri_Lanka
n:	Taiwan
o:	Tanzania
p:	Thailand
q:	USA
r:	Vietnam
s:	?


Substitution rate (mu): 142.664936

Equilibrium frequencies (pi_i):
  A: 0.0199
  B: 0.0198
  C: 0.0198
  D: 0.0196
  E: 0.0203
  F: 0.021
  G: 0.02
  H: 0.0201
  I: 0.0199
  J: 0.0205
  K: 0.0197
  L: 0.0198
  M: 0.0199
  N: 0.0199
  O: 0.0198
  P: 0.02
  Q: 0.0198
  R: 0.0198
  S: 0.0204
  T: 0.0199
  U: 0.0198
  V: 0.02
  W: 0.0198
  X: 0.0199
  Y: 0.0197
  Z: 0.0203
  [: 0.0199
  \: 0.02
  ]: 0.0196
  ^: 0.0205
  _: 0.0203
  `: 0.02
  a: 0.0202
  b: 0.0206
  c: 0.0194
  d: 0.0198
  e: 0.02
  f: 0.02
  g: 0.0202
  h: 0.0203
  i: 0.0198
  j: 0.02
  k: 0.0199
  l: 0.0206
  m: 0.0199
  n: 0.0197
  o: 0.02
  p: 0.0199
  q: 0.0205
  r: 0.0197

Symmetrized rates from j->i (W_ij):
	A	B	C	D	E	F	G	H	I	J	K	L	M	N	O	P	Q	R	S	T	U	V	W	X	Y	Z	[	\	]	^	_	`	a	b	c	d	e	f	g	h	i	j	k	l	m	n	o	p	q	r
  A	0	0.9848	0.988	0.9848	0.9949	0.9937	0.9858	0.9851	0.9848	1.0063	0.9858	0.9849	0.9851	0.9882	0.985	0.9851	0.9854	0.9851	0.9884	0.9865	0.9848	0.989	0.9857	0.9851	0.985	0.9876	0.9895	0.9854	0.9848	1.0114	0.9877	0.9879	0.9917	0.9893	0.9877	0.9894	0.986	0.9848	0.9906	0.9931	0.9854	0.9863	0.9886	1.0261	0.9851	1.4817	0.9866	1.0314	0.9863	0.9901
  B	0.9848	0	0.9879	0.9847	0.9948	0.9936	0.9857	0.9849	0.9847	0.9854	0.9857	0.9848	0.985	0.9881	0.9849	0.985	0.9853	0.9849	0.9885	0.9864	0.9847	0.9889	0.9857	0.985	0.9849	0.9875	0.9848	0.9852	0.9847	0.9861	0.9877	0.9878	0.9848	0.988	0.9876	0.9897	0.9858	0.9846	0.9905	0.9931	0.9853	0.9848	0.9887	0.9869	0.985	0.9857	0.9864	1.489	0.9861	0.9904
  C	0.988	0.9879	0	0.9884	1.2997	0.9977	0.9944	0.9883	0.9886	0.9889	1.0002	0.9902	0.9887	1.0364	0.9886	0.9885	0.9893	0.991	0.9985	0.9908	0.988	1.0513	0.9891	0.9883	0.9893	1.0063	0.988	0.9911	0.9884	0.994	0.9967	0.993	0.9882	1.0085	1.0997	0.9944	0.9955	0.9879	0.9977	1.0026	0.9909	0.9882	0.9934	1.0033	0.9883	0.9891	1.0006	0.9944	0.9957	0.9954
  D	0.9848	0.9847	0.9884	0	1.489	0.9936	0.9857	0.9849	0.9847	0.9854	0.986	0.9848	0.9852	0.9885	0.9849	0.985	0.9855	0.9851	0.9883	0.9864	0.9847	0.9894	0.9855	0.985	0.985	0.9876	0.9848	0.9853	0.9847	0.9861	0.9876	0.9878	0.9848	0.9881	0.988	0.9893	0.9859	0.9847	0.9905	0.9931	0.9854	0.9848	0.9884	0.9871	0.985	0.9856	0.9865	0.9893	0.9862	0.9898
  E	0.9949	0.9948	1.2997	1.489	0	1.006	1.0068	0.9953	0.9962	0.9963	2.0818	1.2267	1.2018	1.0812	1.1566	1.0722	1.3214	1.1896	1.0109	0.999	0.9949	1.1077	0.9964	0.9953	1.353	1.0286	0.995	1.0008	1.491	1.0057	1.0085	1.0023	0.9953	1.0328	2.593	1.0035	1.0087	0.9951	1.0093	1.017	1.5464	0.9952	1.0023	1.0238	0.9953	0.9962	1.0182	1.0037	1.0745	1.0051
  F	0.9937	0.9936	0.9977	0.9936	1.006	0	0.9947	0.994	0.9937	0.9947	0.9948	0.9937	0.994	0.998	0.9938	0.9939	0.9943	0.9939	0.9984	0.996	0.9937	0.999	0.9947	0.994	0.9938	0.997	0.9937	0.9943	0.9935	0.9954	0.9974	0.9979	0.994	0.9977	0.9973	0.9993	0.9949	0.9936	1.0019	1.006	0.9943	0.9938	0.9985	0.9965	0.994	0.9946	0.9957	0.9994	0.9954	1.0002
  G	0.9858	0.9857	0.9944	0.9857	1.0068	0.9947	0	0.986	0.9858	0.9866	0.9872	0.9859	0.9861	0.9939	0.9859	0.9861	0.9864	0.9861	1.2038	0.9876	0.9857	0.9963	0.9866	0.9861	0.986	1.0344	0.9858	0.9946	0.9857	1.0019	1.1951	0.9891	0.9859	1.0384	0.9925	0.991	1.154	0.9857	0.9921	0.995	0.9865	0.9859	0.9903	1.2599	0.9861	0.9869	1.0221	0.9909	1.0056	0.9915
  H	0.9851	0.9849	0.9883	0.9849	0.9953	0.994	0.986	0	0.985	1.9928	0.986	0.9851	0.9853	0.9885	0.9852	0.9853	0.9856	0.9852	0.9891	0.9868	0.9866	0.9893	0.9865	0.9853	0.9852	0.9879	0.9852	0.9856	0.9849	1.1339	0.9883	0.9883	0.9854	0.9885	0.9879	0.9925	0.9862	0.9849	1.0844	0.9939	0.9856	0.9851	0.9893	0.9874	0.9853	0.9865	0.9868	0.9933	0.9865	1.5
  I	0.9848	0.9847	0.9886	0.9847	0.9962	0.9937	0.9858	0.985	0	0.9854	0.9858	0.9848	0.9851	0.9915	0.9849	0.985	0.9854	0.985	0.9884	0.9865	0.9848	1.5005	0.9856	0.9851	0.985	0.9877	0.9848	0.9853	0.9847	0.9862	0.9877	0.9879	0.9849	0.9883	0.9881	0.9893	0.986	0.9847	0.9906	0.9932	0.9854	0.9849	0.9885	0.9872	0.9851	0.9856	0.9866	0.9894	0.9863	0.9899
  J	1.0063	0.9854	0.9889	0.9854	0.9963	0.9947	0.9866	1.9928	0.9854	0	0.9864	0.9855	0.9857	0.9891	0.9856	0.9857	0.986	0.9857	0.9903	0.9874	0.9891	0.99	0.9879	0.9858	0.9856	0.9887	1.3172	0.9861	0.9854	1.17	0.9893	0.989	1.0402	0.9985	0.9885	0.9973	0.9868	0.9854	1.1726	0.9949	0.9861	0.9964	0.9905	1.5272	0.9858	1.5823	0.9875	1.1135	0.9871	1.783
  K	0.9858	0.9857	1.0002	0.986	2.0818	0.9948	0.9872	0.986	0.9858	0.9864	0	0.9873	1.3897	0.993	0.9913	0.9877	1.2589	0.9876	0.99	0.9876	0.9857	0.9949	0.9866	0.986	0.999	0.9898	0.9858	0.9865	0.986	0.9875	0.9891	0.9891	0.9859	0.9905	1.0295	0.9905	0.9874	0.9857	0.9921	0.995	1.0157	0.9858	0.9897	0.9891	0.986	0.9866	0.9884	0.9905	0.9891	0.9911
  L	0.9849	0.9848	0.9902	0.9848	1.2267	0.9937	0.9859	0.9851	0.9848	0.9855	0.9873	0	0.9852	0.9891	0.9851	0.9851	0.9856	0.9879	0.9885	0.9865	0.9848	0.9902	0.9857	0.9851	0.9852	0.9879	0.9849	0.9854	0.9848	0.9863	0.9878	0.988	0.9849	0.9884	1.374	0.9894	0.9861	1.4766	0.9907	0.9934	0.9857	0.9849	0.9886	0.9873	0.9851	0.9857	0.9867	0.9894	0.9864	0.99
  M	0.9851	0.985	0.9887	0.9852	1.2018	0.994	0.9861	0.9853	0.9851	0.9857	1.3897	0.9852	0	0.9888	0.9854	0.9854	1.1168	0.9854	0.9887	0.9868	0.9851	0.9896	0.9859	0.9854	0.9855	0.9879	0.9851	0.9856	0.9852	0.9864	0.9879	0.9881	0.9852	0.9885	0.9896	0.9896	0.9862	0.985	0.9909	0.9935	0.9861	0.9852	0.9888	0.9874	0.9854	0.9859	0.9868	0.9897	0.9866	0.9902
  N	0.9882	0.9881	1.0364	0.9885	1.0812	0.998	0.9939	0.9885	0.9915	0.9891	0.993	0.9891	0.9888	0	0.9886	0.9886	0.9892	0.9895	0.9977	0.9909	0.9882	1.5478	0.9893	0.9886	0.9889	1.0046	0.9883	0.991	0.9885	0.9936	0.9961	0.9931	0.9884	1.0066	1.022	0.9945	0.9949	0.9881	0.9976	1.0022	0.9897	0.9884	0.9935	1.0019	0.9886	0.9893	0.9994	0.9945	0.995	0.9954
  O	0.985	0.9849	0.9886	0.9849	1.1566	0.9938	0.9859	0.9852	0.9849	0.9856	0.9913	0.9851	0.9854	0.9886	0	1.0387	0.9857	0.9853	0.9885	0.9866	0.9849	0.9894	0.9858	0.9852	1.0429	0.9878	0.985	0.9856	0.9849	0.9864	0.9878	0.988	0.985	0.9884	0.9906	0.9895	0.9861	0.9849	0.9907	0.9933	1.4033	0.985	0.9887	0.9872	0.9852	0.9858	0.9867	0.9895	1.032	0.99
  P	0.9851	0.985	0.9885	0.985	1.0722	0.9939	0.9861	0.9853	0.985	0.9857	0.9877	0.9851	0.9854	0.9886	1.0387	0	0.9857	0.9853	0.9887	0.9867	0.985	0.9894	0.9859	0.9853	1.0083	0.9881	0.9851	0.9857	0.985	0.9867	0.9879	0.9881	0.9851	0.9887	0.9888	0.9896	0.9863	0.985	0.9908	0.9934	1.2029	0.9851	0.9888	0.9874	0.9853	0.9859	0.987	0.9896	1.6425	0.9902
  Q	0.9854	0.9853	0.9893	0.9855	1.3214	0.9943	0.9864	0.9856	0.9854	0.986	1.2589	0.9856	1.1168	0.9892	0.9857	0.9857	0	0.9858	0.989	0.9871	0.9854	0.9901	0.9862	0.9857	0.986	0.9883	0.9855	0.9859	0.9855	0.9868	0.9883	0.9885	0.9855	0.9888	0.9911	0.9899	0.9866	0.9853	0.9912	0.9938	0.9867	0.9855	0.9891	0.9877	0.9857	0.9862	0.9872	0.99	0.9869	0.9905
  R	0.9851	0.9849	0.991	0.9851	1.1896	0.9939	0.9861	0.9852	0.985	0.9857	0.9876	0.9879	0.9854	0.9895	0.9853	0.9853	0.9858	0	0.9888	0.9867	0.985	0.9907	0.9858	0.9853	0.9854	0.9881	0.9851	0.9856	0.9851	0.9865	0.988	0.9882	0.9851	0.9887	1.5512	0.9896	0.9863	0.985	0.9909	0.9936	0.986	0.9851	0.9888	0.9875	0.9853	0.9859	0.987	0.9896	0.9866	0.9902
  S	0.9884	0.9885	0.9985	0.9883	1.0109	0.9984	1.2038	0.9891	0.9884	0.9903	0.99	0.9885	0.9887	0.9977	0.9885	0.9887	0.989	0.9888	0	0.9918	0.9893	1.0003	0.9972	0.989	0.9886	1.027	0.9884	0.9958	0.9883	1.0022	2.4685	0.9947	0.9891	1.0301	0.9962	1.0337	1.1029	0.9882	1.001	1.0061	0.9891	0.9885	1.3413	1.1669	0.989	0.9897	1.0175	1.0387	1.0049	1.0497
  T	0.9865	0.9864	0.9908	0.9864	0.999	0.996	0.9876	0.9868	0.9865	0.9874	0.9876	0.9865	0.9868	0.9909	0.9866	0.9867	0.9871	0.9867	0.9918	0	0.9865	0.992	0.9876	0.9868	0.9867	0.9897	0.9865	0.9871	0.9864	0.988	0.9907	1.7817	0.9867	0.9903	0.9903	0.9926	0.9878	0.9864	1.0986	1.0683	0.9871	0.9865	0.9918	0.9891	0.9868	0.9874	0.9885	0.9929	0.9881	0.9943
  U	0.9848	0.9847	0.988	0.9847	0.9949	0.9937	0.9857	0.9866	0.9848	0.9891	0.9857	0.9848	0.9851	0.9882	0.9849	0.985	0.9854	0.985	0.9893	0.9865	0	0.989	0.9873	0.9851	0.985	0.9876	0.9848	0.9853	0.9847	0.9862	0.9884	0.9879	0.9849	0.9881	0.9877	0.997	0.9859	0.9847	0.9937	0.9934	0.9854	0.9849	0.9896	0.987	0.9851	0.9857	0.9865	0.9975	0.9862	1.5169
  V	0.989	0.9889	1.0513	0.9894	1.1077	0.999	0.9963	0.9893	1.5005	0.99	0.9949	0.9902	0.9896	1.5478	0.9894	0.9894	0.9901	0.9907	1.0003	0.992	0.989	0	0.9902	0.9894	0.9898	1.0097	0.9891	0.9925	0.9894	0.9957	0.9984	0.9945	0.9893	1.0122	1.0323	0.9958	0.9975	0.9889	0.9995	1.0048	0.9908	0.9892	0.9947	1.0064	0.9894	0.9902	1.0032	0.9958	0.9975	0.9969
  W	0.9857	0.9857	0.9891	0.9855	0.9964	0.9947	0.9866	0.9865	0.9856	0.9879	0.9866	0.9857	0.9859	0.9893	0.9858	0.9859	0.9862	0.9858	0.9972	0.9876	0.9873	0.9902	0	0.9877	0.9858	0.9908	0.9857	0.9861	0.9855	0.9871	0.9944	0.9892	0.9864	0.9922	0.9887	1.426	0.9868	0.9855	0.9937	0.9957	0.9862	0.9857	0.9985	0.988	0.9877	0.9867	0.9874	1.0842	0.9871	1.1089
  X	0.9851	0.985	0.9883	0.985	0.9953	0.994	0.9861	0.9853	0.9851	0.9858	0.986	0.9851	0.9854	0.9886	0.9852	0.9853	0.9857	0.9853	0.989	0.9868	0.9851	0.9894	0.9877	0	0.9853	1.1565	0.9852	0.9857	0.985	0.9865	0.9882	0.9882	0.9855	1.0501	0.988	1.2813	0.9863	0.985	0.9909	0.9935	0.9857	0.9852	0.9891	0.9874	1.3448	0.986	0.987	0.9917	0.9866	0.9929
  Y	0.985	0.9849	0.9893	0.985	1.353	0.9938	0.986	0.9852	0.985	0.9856	0.999	0.9852	0.9855	0.9889	1.0429	1.0083	0.986	0.9854	0.9886	0.9867	0.985	0.9898	0.9858	0.9853	0	0.9879	0.9851	0.9856	0.985	0.9864	0.9879	0.9881	0.9851	0.9885	0.9947	0.9895	0.9862	0.9849	0.9908	0.9934	1.2068	0.9851	0.9887	0.9873	0.9853	0.9858	0.9868	0.9895	1.0061	0.9901
  Z	0.9876	0.9875	1.0063	0.9876	1.0286	0.997	1.0344	0.9879	0.9877	0.9887	0.9898	0.9879	0.9879	1.0046	0.9878	0.9881	0.9883	0.9881	1.027	0.9897	0.9876	1.0097	0.9908	1.1565	0.9879	0	0.9876	1.0315	0.9876	1.0662	1.0234	0.9915	0.9881	1.3162	1.0016	1.336	1.0438	0.9875	0.9951	0.9987	0.9886	0.9879	0.9926	1.0928	1.1565	0.9892	1.3631	0.9957	1.084	0.9973
  [	0.9895	0.9848	0.988	0.9848	0.995	0.9937	0.9858	0.9852	0.9848	1.3172	0.9858	0.9849	0.9851	0.9883	0.985	0.9851	0.9855	0.9851	0.9884	0.9865	0.9848	0.9891	0.9857	0.9852	0.9851	0.9876	0	0.9854	0.9848	0.9889	0.9877	0.9879	0.9975	0.9903	0.9877	0.9895	0.986	0.9848	0.9907	0.9932	0.9855	0.9875	0.9886	0.994	0.9852	1.2357	0.9866	1.0121	0.9863	0.9904
  \	0.9854	0.9852	0.9911	0.9853	1.0008	0.9943	0.9946	0.9856	0.9853	0.9861	0.9865	0.9854	0.9856	0.991	0.9856	0.9857	0.9859	0.9856	0.9958	0.9871	0.9853	0.9925	0.9861	0.9857	0.9856	1.0315	0.9854	0	0.9853	1.1872	0.9945	0.9885	0.9854	1.0839	0.99	0.9902	0.9965	0.9852	0.9913	0.9941	0.9863	0.9855	0.9892	1.0062	0.9857	0.9865	1.0204	0.9901	1.6113	0.9907
  ]	0.9848	0.9847	0.9884	0.9847	1.491	0.9935	0.9857	0.9849	0.9847	0.9854	0.986	0.9848	0.9852	0.9885	0.9849	0.985	0.9855	0.9851	0.9883	0.9864	0.9847	0.9894	0.9855	0.985	0.985	0.9876	0.9848	0.9853	0	0.9861	0.9876	0.9878	0.9848	0.9881	0.9879	0.9893	0.9859	0.9847	0.9905	0.9931	0.9854	0.9848	0.9884	0.987	0.985	0.9856	0.9865	0.9893	0.9862	0.9898
  ^	1.0114	0.9861	0.994	0.9861	1.0057	0.9954	1.0019	1.1339	0.9862	1.17	0.9875	0.9863	0.9864	0.9936	0.9864	0.9867	0.9868	0.9865	1.0022	0.988	0.9862	0.9957	0.9871	0.9865	0.9864	1.0662	0.9889	1.1872	0.9861	0	1.0003	0.9895	0.9903	1.1601	0.9923	0.9917	1.0051	0.986	0.9928	0.9956	0.9871	0.9871	0.9905	1.0612	0.9865	1.4944	1.0472	1.0155	1.408	1.4039
  _	0.9877	0.9877	0.9967	0.9876	1.0085	0.9974	1.1951	0.9883	0.9877	0.9893	0.9891	0.9878	0.9879	0.9961	0.9878	0.9879	0.9883	0.988	2.4685	0.9907	0.9884	0.9984	0.9944	0.9882	0.9879	1.0234	0.9877	0.9945	0.9876	1.0003	0	0.9931	0.9882	1.0264	0.9947	1.0227	1.0966	0.9875	0.9987	1.0032	0.9884	0.9878	1.2526	1.1589	0.9882	0.9889	1.0145	1.0264	1.0029	1.0348
  `	0.9879	0.9878	0.993	0.9878	1.0023	0.9979	0.9891	0.9883	0.9879	0.989	0.9891	0.988	0.9881	0.9931	0.988	0.9881	0.9885	0.9882	0.9947	1.7817	0.9879	0.9945	0.9892	0.9882	0.9881	0.9915	0.9879	0.9885	0.9878	0.9895	0.9931	0	0.9881	0.9921	0.9925	0.9953	0.9893	0.9878	1.1861	1.1295	0.9885	0.9879	0.9945	0.9908	0.9882	0.9888	0.9901	0.9957	0.9896	0.9978
  a	0.9917	0.9848	0.9882	0.9848	0.9953	0.994	0.9859	0.9854	0.9849	1.0402	0.9859	0.9849	0.9852	0.9884	0.985	0.9851	0.9855	0.9851	0.9891	0.9867	0.9849	0.9893	0.9864	0.9855	0.9851	0.9881	0.9975	0.9854	0.9848	0.9903	0.9882	0.9881	0	1.0135	0.9879	1.4969	0.9861	0.9848	0.9911	0.9937	0.9855	1.013	0.9894	0.9954	0.9855	1.5818	0.9867	1.0313	0.9864	1.4857
  b	0.9893	0.988	1.0085	0.9881	1.0328	0.9977	1.0384	0.9885	0.9883	0.9985	0.9905	0.9884	0.9885	1.0066	0.9884	0.9887	0.9888	0.9887	1.0301	0.9903	0.9881	1.0122	0.9922	1.0501	0.9885	1.3162	0.9903	1.0839	0.9881	1.1601	1.0264	0.9921	1.0135	0	1.0034	1.4301	1.0486	0.988	0.9959	0.9996	0.9892	1.4926	0.9935	1.1031	1.0501	1.3144	1.1791	1.0037	1.1972	0.9995
  c	0.9877	0.9876	1.0997	0.988	2.593	0.9973	0.9925	0.9879	0.9881	0.9885	1.0295	1.374	0.9896	1.022	0.9906	0.9888	0.9911	1.5512	0.9962	0.9903	0.9877	1.0323	0.9887	0.988	0.9947	1.0016	0.9877	0.99	0.9879	0.9923	0.9947	0.9925	0.9879	1.0034	0	0.9938	0.9934	0.9877	0.9971	1.0018	1.0044	0.9878	0.9928	0.9994	0.988	0.9887	0.9972	0.9939	0.9942	0.9948
  d	0.9894	0.9897	0.9944	0.9893	1.0035	0.9993	0.991	0.9925	0.9893	0.9973	0.9905	0.9894	0.9896	0.9945	0.9895	0.9896	0.9899	0.9896	1.0337	0.9926	0.997	0.9958	1.426	1.2813	0.9895	1.336	0.9895	0.9902	0.9893	0.9917	1.0227	0.9953	1.4969	1.4301	0.9938	0	0.9911	0.9893	1.0058	1.007	0.99	0.9897	1.04	0.993	1.2813	0.9914	0.9923	1.3118	0.9916	1.374
  e	0.986	0.9858	0.9955	0.9859	1.0087	0.9949	1.154	0.9862	0.986	0.9868	0.9874	0.9861	0.9862	0.9949	0.9861	0.9863	0.9866	0.9863	1.1029	0.9878	0.9859	0.9975	0.9868	0.9863	0.9862	1.0438	0.986	0.9965	0.9859	1.0051	1.0966	0.9893	0.9861	1.0486	0.9934	0.9911	0	0.9858	0.9924	0.9953	0.9867	0.9861	0.9904	1.3221	0.9863	0.9871	1.0292	0.991	1.0095	0.9916
  f	0.9848	0.9846	0.9879	0.9847	0.9951	0.9936	0.9857	0.9849	0.9847	0.9854	0.9857	1.4766	0.985	0.9881	0.9849	0.985	0.9853	0.985	0.9882	0.9864	0.9847	0.9889	0.9855	0.985	0.9849	0.9875	0.9848	0.9852	0.9847	0.986	0.9875	0.9878	0.9848	0.988	0.9877	0.9893	0.9858	0	0.9905	0.993	0.9853	0.9848	0.9884	0.9869	0.985	0.9856	0.9864	0.9893	0.9861	0.9898
  g	0.9906	0.9905	0.9977	0.9905	1.0093	1.0019	0.9921	1.0844	0.9906	1.1726	0.9921	0.9907	0.9909	0.9976	0.9907	0.9908	0.9912	0.9909	1.001	1.0986	0.9937	0.9995	0.9937	0.9909	0.9908	0.9951	0.9907	0.9913	0.9905	0.9928	0.9987	1.1861	0.9911	0.9959	0.9971	1.0058	0.9924	0.9905	0	1.2385	0.9913	0.9906	1.0008	0.9944	0.9909	0.9917	0.9934	1.007	0.9927	1.4146
  h	0.9931	0.9931	1.0026	0.9931	1.017	1.006	0.995	0.9939	0.9932	0.9949	0.995	0.9934	0.9935	1.0022	0.9933	0.9934	0.9938	0.9936	1.0061	1.0683	0.9934	1.0048	0.9957	0.9935	0.9934	0.9987	0.9932	0.9941	0.9931	0.9956	1.0032	1.1295	0.9937	0.9996	1.0018	1.007	0.9953	0.993	1.2385	0	0.994	0.9932	1.0059	0.9978	0.9935	0.9941	0.9966	1.0083	0.9957	1.0121
  i	0.9854	0.9853	0.9909	0.9854	1.5464	0.9943	0.9865	0.9856	0.9854	0.9861	1.0157	0.9857	0.9861	0.9897	1.4033	1.2029	0.9867	0.986	0.9891	0.9871	0.9854	0.9908	0.9862	0.9857	1.2068	0.9886	0.9855	0.9863	0.9854	0.9871	0.9884	0.9885	0.9855	0.9892	1.0044	0.99	0.9867	0.9853	0.9913	0.994	0	0.9855	0.9892	0.9879	0.9857	0.9862	0.9874	0.99	1.171	0.9906
  j	0.9863	0.9848	0.9882	0.9848	0.9952	0.9938	0.9859	0.9851	0.9849	0.9964	0.9858	0.9849	0.9852	0.9884	0.985	0.9851	0.9855	0.9851	0.9885	0.9865	0.9849	0.9892	0.9857	0.9852	0.9851	0.9879	0.9875	0.9855	0.9848	0.9871	0.9878	0.9879	1.013	1.4926	0.9878	0.9897	0.9861	0.9848	0.9906	0.9932	0.9855	0	0.9886	0.989	0.9852	1.3559	0.9868	0.997	0.9864	0.9901
  k	0.9886	0.9887	0.9934	0.9884	1.0023	0.9985	0.9903	0.9893	0.9885	0.9905	0.9897	0.9886	0.9888	0.9935	0.9887	0.9888	0.9891	0.9888	1.3413	0.9918	0.9896	0.9947	0.9985	0.9891	0.9887	0.9926	0.9886	0.9892	0.9884	0.9905	1.2526	0.9945	0.9894	0.9935	0.9928	1.04	0.9904	0.9884	1.0008	1.0059	0.9892	0.9886	0	0.992	0.9891	0.9897	0.9909	1.046	0.9904	1.0591
  l	1.0261	0.9869	1.0033	0.9871	1.0238	0.9965	1.2599	0.9874	0.9872	1.5272	0.9891	0.9873	0.9874	1.0019	0.9872	0.9874	0.9877	0.9875	1.1669	0.9891	0.987	1.0064	0.988	0.9874	0.9873	1.0928	0.994	1.0062	0.987	1.0612	1.1589	0.9908	0.9954	1.1031	0.9994	0.993	1.3221	0.9869	0.9944	0.9978	0.9879	0.989	0.992	0	0.9874	1.5533	1.0663	1.0384	1.0298	0.994
  m	0.9851	0.985	0.9883	0.985	0.9953	0.994	0.9861	0.9853	0.9851	0.9858	0.986	0.9851	0.9854	0.9886	0.9852	0.9853	0.9857	0.9853	0.989	0.9868	0.9851	0.9894	0.9877	1.3448	0.9853	1.1565	0.9852	0.9857	0.985	0.9865	0.9882	0.9882	0.9855	1.0501	0.988	1.2813	0.9863	0.985	0.9909	0.9935	0.9857	0.9852	0.9891	0.9874	0	0.986	0.987	0.9917	0.9866	0.9929
  n	1.4817	0.9857	0.9891	0.9856	0.9962	0.9946	0.9869	0.9865	0.9856	1.5823	0.9866	0.9857	0.9859	0.9893	0.9858	0.9859	0.9862	0.9859	0.9897	0.9874	0.9857	0.9902	0.9867	0.986	0.9858	0.9892	1.2357	0.9865	0.9856	1.4944	0.9889	0.9888	1.5818	1.3144	0.9887	0.9914	0.9871	0.9856	0.9917	0.9941	0.9862	1.3559	0.9897	1.5533	0.986	0	0.9879	1.2696	0.9876	0.9929
  o	0.9866	0.9864	1.0006	0.9865	1.0182	0.9957	1.0221	0.9868	0.9866	0.9875	0.9884	0.9867	0.9868	0.9994	0.9867	0.987	0.9872	0.987	1.0175	0.9885	0.9865	1.0032	0.9874	0.987	0.9868	1.3631	0.9866	1.0204	0.9865	1.0472	1.0145	0.9901	0.9867	1.1791	0.9972	0.9923	1.0292	0.9864	0.9934	0.9966	0.9874	0.9868	0.9909	1.0663	0.987	0.9879	0	0.9917	1.0609	0.9925
  p	1.0314	1.489	0.9944	0.9893	1.0037	0.9994	0.9909	0.9933	0.9894	1.1135	0.9905	0.9894	0.9897	0.9945	0.9895	0.9896	0.99	0.9896	1.0387	0.9929	0.9975	0.9958	1.0842	0.9917	0.9895	0.9957	1.0121	0.9901	0.9893	1.0155	1.0264	0.9957	1.0313	1.0037	0.9939	1.3118	0.991	0.9893	1.007	1.0083	0.99	0.997	1.046	1.0384	0.9917	1.2696	0.9917	0	0.9913	1.3987
  q	0.9863	0.9861	0.9957	0.9862	1.0745	0.9954	1.0056	0.9865	0.9863	0.9871	0.9891	0.9864	0.9866	0.995	1.032	1.6425	0.9869	0.9866	1.0049	0.9881	0.9862	0.9975	0.9871	0.9866	1.0061	1.084	0.9863	1.6113	0.9862	1.408	1.0029	0.9896	0.9864	1.1972	0.9942	0.9916	1.0095	0.9861	0.9927	0.9957	1.171	0.9864	0.9904	1.0298	0.9866	0.9876	1.0609	0.9913	0	0.9921
  r	0.9901	0.9904	0.9954	0.9898	1.0051	1.0002	0.9915	1.5	0.9899	1.783	0.9911	0.99	0.9902	0.9954	0.99	0.9902	0.9905	0.9902	1.0497	0.9943	1.5169	0.9969	1.1089	0.9929	0.9901	0.9973	0.9904	0.9907	0.9898	1.4039	1.0348	0.9978	1.4857	0.9995	0.9948	1.374	0.9916	0.9898	1.4146	1.0121	0.9906	0.9901	1.0591	0.994	0.9929	0.9929	0.9925	1.3987	0.9921	0

Actual rates from j->i (Q_ij):
	A	B	C	D	E	F	G	H	I	J	K	L	M	N	O	P	Q	R	S	T	U	V	W	X	Y	Z	[	\	]	^	_	`	a	b	c	d	e	f	g	h	i	j	k	l	m	n	o	p	q	r
  A	0	0.0196	0.0197	0.0196	0.0198	0.0198	0.0197	0.0196	0.0196	0.0201	0.0197	0.0196	0.0196	0.0197	0.0196	0.0196	0.0196	0.0196	0.0197	0.0197	0.0196	0.0197	0.0197	0.0196	0.0196	0.0197	0.0197	0.0196	0.0196	0.0202	0.0197	0.0197	0.0198	0.0197	0.0197	0.0197	0.0197	0.0196	0.0198	0.0198	0.0196	0.0197	0.0197	0.0205	0.0196	0.0295	0.0197	0.0206	0.0197	0.0197
  B	0.0195	0	0.0196	0.0195	0.0197	0.0197	0.0195	0.0195	0.0195	0.0195	0.0195	0.0195	0.0195	0.0196	0.0195	0.0195	0.0195	0.0195	0.0196	0.0195	0.0195	0.0196	0.0195	0.0195	0.0195	0.0196	0.0195	0.0195	0.0195	0.0195	0.0196	0.0196	0.0195	0.0196	0.0196	0.0196	0.0195	0.0195	0.0196	0.0197	0.0195	0.0195	0.0196	0.0196	0.0195	0.0195	0.0195	0.0295	0.0195	0.0196
  C	0.0196	0.0196	0	0.0196	0.0257	0.0198	0.0197	0.0196	0.0196	0.0196	0.0198	0.0196	0.0196	0.0205	0.0196	0.0196	0.0196	0.0196	0.0198	0.0196	0.0196	0.0208	0.0196	0.0196	0.0196	0.0199	0.0196	0.0196	0.0196	0.0197	0.0197	0.0197	0.0196	0.02	0.0218	0.0197	0.0197	0.0196	0.0198	0.0198	0.0196	0.0196	0.0197	0.0199	0.0196	0.0196	0.0198	0.0197	0.0197	0.0197
  D	0.0193	0.0193	0.0194	0	0.0292	0.0195	0.0193	0.0193	0.0193	0.0193	0.0193	0.0193	0.0193	0.0194	0.0193	0.0193	0.0193	0.0193	0.0194	0.0193	0.0193	0.0194	0.0193	0.0193	0.0193	0.0194	0.0193	0.0193	0.0193	0.0193	0.0194	0.0194	0.0193	0.0194	0.0194	0.0194	0.0193	0.0193	0.0194	0.0195	0.0193	0.0193	0.0194	0.0193	0.0193	0.0193	0.0193	0.0194	0.0193	0.0194
  E	0.0202	0.0202	0.0264	0.0302	0	0.0204	0.0204	0.0202	0.0202	0.0202	0.0422	0.0249	0.0244	0.0219	0.0235	0.0218	0.0268	0.0241	0.0205	0.0203	0.0202	0.0225	0.0202	0.0202	0.0275	0.0209	0.0202	0.0203	0.0303	0.0204	0.0205	0.0203	0.0202	0.021	0.0526	0.0204	0.0205	0.0202	0.0205	0.0206	0.0314	0.0202	0.0203	0.0208	0.0202	0.0202	0.0207	0.0204	0.0218	0.0204
  F	0.0209	0.0209	0.021	0.0209	0.0212	0	0.0209	0.0209	0.0209	0.0209	0.0209	0.0209	0.0209	0.021	0.0209	0.0209	0.0209	0.0209	0.021	0.0209	0.0209	0.021	0.0209	0.0209	0.0209	0.021	0.0209	0.0209	0.0209	0.0209	0.021	0.021	0.0209	0.021	0.021	0.021	0.0209	0.0209	0.0211	0.0212	0.0209	0.0209	0.021	0.021	0.0209	0.0209	0.0209	0.021	0.0209	0.021
  G	0.0197	0.0197	0.0199	0.0197	0.0201	0.0199	0	0.0197	0.0197	0.0197	0.0197	0.0197	0.0197	0.0198	0.0197	0.0197	0.0197	0.0197	0.024	0.0197	0.0197	0.0199	0.0197	0.0197	0.0197	0.0207	0.0197	0.0199	0.0197	0.02	0.0239	0.0198	0.0197	0.0207	0.0198	0.0198	0.023	0.0197	0.0198	0.0199	0.0197	0.0197	0.0198	0.0252	0.0197	0.0197	0.0204	0.0198	0.0201	0.0198
  H	0.0198	0.0198	0.0198	0.0198	0.02	0.0199	0.0198	0	0.0198	0.04	0.0198	0.0198	0.0198	0.0198	0.0198	0.0198	0.0198	0.0198	0.0198	0.0198	0.0198	0.0198	0.0198	0.0198	0.0198	0.0198	0.0198	0.0198	0.0198	0.0227	0.0198	0.0198	0.0198	0.0198	0.0198	0.0199	0.0198	0.0198	0.0218	0.0199	0.0198	0.0198	0.0198	0.0198	0.0198	0.0198	0.0198	0.0199	0.0198	0.0301
  I	0.0196	0.0196	0.0197	0.0196	0.0198	0.0198	0.0196	0.0196	0	0.0196	0.0196	0.0196	0.0196	0.0197	0.0196	0.0196	0.0196	0.0196	0.0197	0.0196	0.0196	0.0299	0.0196	0.0196	0.0196	0.0197	0.0196	0.0196	0.0196	0.0196	0.0197	0.0197	0.0196	0.0197	0.0197	0.0197	0.0196	0.0196	0.0197	0.0198	0.0196	0.0196	0.0197	0.0196	0.0196	0.0196	0.0196	0.0197	0.0196	0.0197
  J	0.0206	0.0202	0.0203	0.0202	0.0204	0.0204	0.0202	0.0409	0.0202	0	0.0202	0.0202	0.0202	0.0203	0.0202	0.0202	0.0202	0.0202	0.0203	0.0203	0.0203	0.0203	0.0203	0.0202	0.0202	0.0203	0.027	0.0202	0.0202	0.024	0.0203	0.0203	0.0213	0.0205	0.0203	0.0205	0.0202	0.0202	0.024	0.0204	0.0202	0.0204	0.0203	0.0313	0.0202	0.0325	0.0203	0.0228	0.0202	0.0366
  K	0.0194	0.0194	0.0197	0.0194	0.0409	0.0196	0.0194	0.0194	0.0194	0.0194	0	0.0194	0.0273	0.0195	0.0195	0.0194	0.0247	0.0194	0.0195	0.0194	0.0194	0.0196	0.0194	0.0194	0.0196	0.0195	0.0194	0.0194	0.0194	0.0194	0.0194	0.0194	0.0194	0.0195	0.0202	0.0195	0.0194	0.0194	0.0195	0.0196	0.02	0.0194	0.0194	0.0194	0.0194	0.0194	0.0194	0.0195	0.0194	0.0195
  L	0.0195	0.0195	0.0196	0.0195	0.0243	0.0197	0.0195	0.0195	0.0195	0.0195	0.0195	0	0.0195	0.0196	0.0195	0.0195	0.0195	0.0195	0.0196	0.0195	0.0195	0.0196	0.0195	0.0195	0.0195	0.0195	0.0195	0.0195	0.0195	0.0195	0.0195	0.0195	0.0195	0.0196	0.0272	0.0196	0.0195	0.0292	0.0196	0.0196	0.0195	0.0195	0.0196	0.0195	0.0195	0.0195	0.0195	0.0196	0.0195	0.0196
  M	0.0196	0.0196	0.0196	0.0196	0.0239	0.0197	0.0196	0.0196	0.0196	0.0196	0.0276	0.0196	0	0.0196	0.0196	0.0196	0.0222	0.0196	0.0196	0.0196	0.0196	0.0197	0.0196	0.0196	0.0196	0.0196	0.0196	0.0196	0.0196	0.0196	0.0196	0.0196	0.0196	0.0196	0.0197	0.0197	0.0196	0.0196	0.0197	0.0197	0.0196	0.0196	0.0196	0.0196	0.0196	0.0196	0.0196	0.0197	0.0196	0.0197
  N	0.0197	0.0197	0.0206	0.0197	0.0215	0.0199	0.0198	0.0197	0.0197	0.0197	0.0198	0.0197	0.0197	0	0.0197	0.0197	0.0197	0.0197	0.0199	0.0197	0.0197	0.0308	0.0197	0.0197	0.0197	0.02	0.0197	0.0197	0.0197	0.0198	0.0198	0.0198	0.0197	0.02	0.0203	0.0198	0.0198	0.0197	0.0198	0.0199	0.0197	0.0197	0.0198	0.0199	0.0197	0.0197	0.0199	0.0198	0.0198	0.0198
  O	0.0195	0.0195	0.0196	0.0195	0.0229	0.0197	0.0196	0.0195	0.0195	0.0196	0.0197	0.0195	0.0195	0.0196	0	0.0206	0.0196	0.0195	0.0196	0.0196	0.0195	0.0196	0.0196	0.0195	0.0207	0.0196	0.0195	0.0196	0.0195	0.0196	0.0196	0.0196	0.0195	0.0196	0.0197	0.0196	0.0196	0.0195	0.0197	0.0197	0.0278	0.0195	0.0196	0.0196	0.0195	0.0196	0.0196	0.0196	0.0205	0.0196
  P	0.0197	0.0197	0.0197	0.0197	0.0214	0.0198	0.0197	0.0197	0.0197	0.0197	0.0197	0.0197	0.0197	0.0197	0.0207	0	0.0197	0.0197	0.0197	0.0197	0.0197	0.0198	0.0197	0.0197	0.0201	0.0197	0.0197	0.0197	0.0197	0.0197	0.0197	0.0197	0.0197	0.0197	0.0197	0.0198	0.0197	0.0197	0.0198	0.0198	0.024	0.0197	0.0197	0.0197	0.0197	0.0197	0.0197	0.0198	0.0328	0.0198
  Q	0.0195	0.0195	0.0196	0.0195	0.0261	0.0197	0.0195	0.0195	0.0195	0.0195	0.0249	0.0195	0.0221	0.0196	0.0195	0.0195	0	0.0195	0.0196	0.0195	0.0195	0.0196	0.0195	0.0195	0.0195	0.0195	0.0195	0.0195	0.0195	0.0195	0.0195	0.0195	0.0195	0.0196	0.0196	0.0196	0.0195	0.0195	0.0196	0.0196	0.0195	0.0195	0.0196	0.0195	0.0195	0.0195	0.0195	0.0196	0.0195	0.0196
  R	0.0195	0.0195	0.0196	0.0195	0.0235	0.0197	0.0195	0.0195	0.0195	0.0195	0.0195	0.0195	0.0195	0.0196	0.0195	0.0195	0.0195	0	0.0196	0.0195	0.0195	0.0196	0.0195	0.0195	0.0195	0.0196	0.0195	0.0195	0.0195	0.0195	0.0195	0.0196	0.0195	0.0196	0.0307	0.0196	0.0195	0.0195	0.0196	0.0197	0.0195	0.0195	0.0196	0.0195	0.0195	0.0195	0.0195	0.0196	0.0195	0.0196
  S	0.0201	0.0201	0.0203	0.0201	0.0206	0.0203	0.0245	0.0201	0.0201	0.0202	0.0201	0.0201	0.0201	0.0203	0.0201	0.0201	0.0201	0.0201	0	0.0202	0.0201	0.0204	0.0203	0.0201	0.0201	0.0209	0.0201	0.0203	0.0201	0.0204	0.0502	0.0202	0.0201	0.021	0.0203	0.021	0.0224	0.0201	0.0204	0.0205	0.0201	0.0201	0.0273	0.0237	0.0201	0.0201	0.0207	0.0211	0.0205	0.0214
  T	0.0197	0.0197	0.0198	0.0197	0.0199	0.0199	0.0197	0.0197	0.0197	0.0197	0.0197	0.0197	0.0197	0.0198	0.0197	0.0197	0.0197	0.0197	0.0198	0	0.0197	0.0198	0.0197	0.0197	0.0197	0.0197	0.0197	0.0197	0.0197	0.0197	0.0197	0.0355	0.0197	0.0197	0.0197	0.0198	0.0197	0.0197	0.0219	0.0213	0.0197	0.0197	0.0198	0.0197	0.0197	0.0197	0.0197	0.0198	0.0197	0.0198
  U	0.0195	0.0195	0.0195	0.0195	0.0197	0.0197	0.0195	0.0195	0.0195	0.0196	0.0195	0.0195	0.0195	0.0195	0.0195	0.0195	0.0195	0.0195	0.0196	0.0195	0	0.0196	0.0195	0.0195	0.0195	0.0195	0.0195	0.0195	0.0195	0.0195	0.0195	0.0195	0.0195	0.0195	0.0195	0.0197	0.0195	0.0195	0.0197	0.0196	0.0195	0.0195	0.0196	0.0195	0.0195	0.0195	0.0195	0.0197	0.0195	0.03
  V	0.0198	0.0197	0.021	0.0198	0.0221	0.02	0.0199	0.0198	0.03	0.0198	0.0199	0.0198	0.0198	0.0309	0.0198	0.0198	0.0198	0.0198	0.02	0.0198	0.0198	0	0.0198	0.0198	0.0198	0.0202	0.0198	0.0198	0.0198	0.0199	0.0199	0.0199	0.0198	0.0202	0.0206	0.0199	0.0199	0.0197	0.02	0.0201	0.0198	0.0198	0.0199	0.0201	0.0198	0.0198	0.02	0.0199	0.0199	0.0199
  W	0.0195	0.0195	0.0195	0.0195	0.0197	0.0197	0.0195	0.0195	0.0195	0.0195	0.0195	0.0195	0.0195	0.0196	0.0195	0.0195	0.0195	0.0195	0.0197	0.0195	0.0195	0.0196	0	0.0195	0.0195	0.0196	0.0195	0.0195	0.0195	0.0195	0.0197	0.0196	0.0195	0.0196	0.0195	0.0282	0.0195	0.0195	0.0196	0.0197	0.0195	0.0195	0.0197	0.0195	0.0195	0.0195	0.0195	0.0214	0.0195	0.0219
  X	0.0196	0.0196	0.0197	0.0196	0.0198	0.0198	0.0197	0.0196	0.0196	0.0196	0.0197	0.0196	0.0196	0.0197	0.0196	0.0196	0.0196	0.0196	0.0197	0.0197	0.0196	0.0197	0.0197	0	0.0196	0.023	0.0196	0.0196	0.0196	0.0197	0.0197	0.0197	0.0196	0.0209	0.0197	0.0255	0.0197	0.0196	0.0197	0.0198	0.0196	0.0196	0.0197	0.0197	0.0268	0.0196	0.0197	0.0198	0.0197	0.0198
  Y	0.0194	0.0194	0.0195	0.0194	0.0267	0.0196	0.0194	0.0194	0.0194	0.0194	0.0197	0.0194	0.0194	0.0195	0.0206	0.0199	0.0194	0.0194	0.0195	0.0195	0.0194	0.0195	0.0194	0.0194	0	0.0195	0.0194	0.0194	0.0194	0.0194	0.0195	0.0195	0.0194	0.0195	0.0196	0.0195	0.0194	0.0194	0.0195	0.0196	0.0238	0.0194	0.0195	0.0195	0.0194	0.0194	0.0195	0.0195	0.0198	0.0195
  Z	0.02	0.02	0.0204	0.02	0.0208	0.0202	0.0209	0.02	0.02	0.02	0.02	0.02	0.02	0.0203	0.02	0.02	0.02	0.02	0.0208	0.02	0.02	0.0204	0.0201	0.0234	0.02	0	0.02	0.0209	0.02	0.0216	0.0207	0.0201	0.02	0.0267	0.0203	0.0271	0.0211	0.02	0.0202	0.0202	0.02	0.02	0.0201	0.0221	0.0234	0.02	0.0276	0.0202	0.022	0.0202
  [	0.0197	0.0196	0.0197	0.0196	0.0198	0.0198	0.0197	0.0196	0.0196	0.0263	0.0197	0.0196	0.0196	0.0197	0.0196	0.0196	0.0196	0.0196	0.0197	0.0197	0.0196	0.0197	0.0197	0.0196	0.0196	0.0197	0	0.0196	0.0196	0.0197	0.0197	0.0197	0.0199	0.0197	0.0197	0.0197	0.0197	0.0196	0.0198	0.0198	0.0196	0.0197	0.0197	0.0198	0.0196	0.0246	0.0197	0.0202	0.0197	0.0197
  \	0.0197	0.0197	0.0198	0.0197	0.02	0.0199	0.0199	0.0197	0.0197	0.0197	0.0197	0.0197	0.0197	0.0198	0.0197	0.0197	0.0197	0.0197	0.0199	0.0197	0.0197	0.0199	0.0197	0.0197	0.0197	0.0206	0.0197	0	0.0197	0.0237	0.0199	0.0198	0.0197	0.0217	0.0198	0.0198	0.0199	0.0197	0.0198	0.0199	0.0197	0.0197	0.0198	0.0201	0.0197	0.0197	0.0204	0.0198	0.0322	0.0198
  ]	0.0193	0.0193	0.0194	0.0193	0.0292	0.0195	0.0193	0.0193	0.0193	0.0193	0.0193	0.0193	0.0193	0.0194	0.0193	0.0193	0.0193	0.0193	0.0194	0.0193	0.0193	0.0194	0.0193	0.0193	0.0193	0.0194	0.0193	0.0193	0	0.0193	0.0194	0.0194	0.0193	0.0194	0.0194	0.0194	0.0193	0.0193	0.0194	0.0195	0.0193	0.0193	0.0194	0.0194	0.0193	0.0193	0.0193	0.0194	0.0193	0.0194
  ^	0.0207	0.0202	0.0203	0.0202	0.0206	0.0204	0.0205	0.0232	0.0202	0.0239	0.0202	0.0202	0.0202	0.0203	0.0202	0.0202	0.0202	0.0202	0.0205	0.0202	0.0202	0.0204	0.0202	0.0202	0.0202	0.0218	0.0202	0.0243	0.0202	0	0.0205	0.0202	0.0203	0.0237	0.0203	0.0203	0.0206	0.0202	0.0203	0.0204	0.0202	0.0202	0.0203	0.0217	0.0202	0.0306	0.0214	0.0208	0.0288	0.0287
  _	0.0201	0.0201	0.0202	0.0201	0.0205	0.0203	0.0243	0.0201	0.0201	0.0201	0.0201	0.0201	0.0201	0.0202	0.0201	0.0201	0.0201	0.0201	0.0501	0.0201	0.0201	0.0203	0.0202	0.0201	0.0201	0.0208	0.0201	0.0202	0.0201	0.0203	0	0.0202	0.0201	0.0209	0.0202	0.0208	0.0223	0.0201	0.0203	0.0204	0.0201	0.0201	0.0254	0.0235	0.0201	0.0201	0.0206	0.0209	0.0204	0.021
  `	0.0198	0.0197	0.0199	0.0197	0.02	0.02	0.0198	0.0198	0.0197	0.0198	0.0198	0.0198	0.0198	0.0199	0.0198	0.0198	0.0198	0.0198	0.0199	0.0356	0.0198	0.0199	0.0198	0.0198	0.0198	0.0198	0.0198	0.0198	0.0197	0.0198	0.0199	0	0.0198	0.0198	0.0198	0.0199	0.0198	0.0197	0.0237	0.0226	0.0198	0.0198	0.0199	0.0198	0.0198	0.0198	0.0198	0.0199	0.0198	0.0199
  a	0.0201	0.0199	0.02	0.0199	0.0201	0.0201	0.02	0.0199	0.0199	0.0211	0.02	0.0199	0.0199	0.02	0.0199	0.0199	0.0199	0.0199	0.02	0.02	0.0199	0.02	0.02	0.0199	0.0199	0.02	0.0202	0.0199	0.0199	0.02	0.02	0.02	0	0.0205	0.02	0.0303	0.02	0.0199	0.0201	0.0201	0.0199	0.0205	0.02	0.0201	0.0199	0.032	0.02	0.0209	0.02	0.0301
  b	0.0204	0.0203	0.0208	0.0203	0.0213	0.0205	0.0214	0.0203	0.0203	0.0206	0.0204	0.0203	0.0203	0.0207	0.0203	0.0204	0.0204	0.0203	0.0212	0.0204	0.0203	0.0208	0.0204	0.0216	0.0203	0.0271	0.0204	0.0223	0.0203	0.0239	0.0211	0.0204	0.0209	0	0.0207	0.0294	0.0216	0.0203	0.0205	0.0206	0.0204	0.0307	0.0204	0.0227	0.0216	0.0271	0.0243	0.0207	0.0246	0.0206
  c	0.0192	0.0192	0.0214	0.0192	0.0504	0.0194	0.0193	0.0192	0.0192	0.0192	0.02	0.0267	0.0192	0.0199	0.0193	0.0192	0.0193	0.0302	0.0194	0.0193	0.0192	0.0201	0.0192	0.0192	0.0193	0.0195	0.0192	0.0193	0.0192	0.0193	0.0193	0.0193	0.0192	0.0195	0	0.0193	0.0193	0.0192	0.0194	0.0195	0.0195	0.0192	0.0193	0.0194	0.0192	0.0192	0.0194	0.0193	0.0193	0.0193
  d	0.0196	0.0196	0.0197	0.0196	0.0199	0.0198	0.0197	0.0197	0.0196	0.0198	0.0197	0.0196	0.0196	0.0197	0.0196	0.0196	0.0196	0.0196	0.0205	0.0197	0.0198	0.0198	0.0283	0.0254	0.0196	0.0265	0.0196	0.0196	0.0196	0.0197	0.0203	0.0197	0.0297	0.0284	0.0197	0	0.0197	0.0196	0.02	0.02	0.0196	0.0196	0.0206	0.0197	0.0254	0.0197	0.0197	0.026	0.0197	0.0273
  e	0.0197	0.0197	0.0199	0.0197	0.0201	0.0199	0.023	0.0197	0.0197	0.0197	0.0197	0.0197	0.0197	0.0199	0.0197	0.0197	0.0197	0.0197	0.022	0.0197	0.0197	0.0199	0.0197	0.0197	0.0197	0.0208	0.0197	0.0199	0.0197	0.0201	0.0219	0.0197	0.0197	0.0209	0.0198	0.0198	0	0.0197	0.0198	0.0199	0.0197	0.0197	0.0198	0.0264	0.0197	0.0197	0.0205	0.0198	0.0201	0.0198
  f	0.0197	0.0197	0.0197	0.0197	0.0199	0.0198	0.0197	0.0197	0.0197	0.0197	0.0197	0.0295	0.0197	0.0197	0.0197	0.0197	0.0197	0.0197	0.0197	0.0197	0.0197	0.0197	0.0197	0.0197	0.0197	0.0197	0.0197	0.0197	0.0197	0.0197	0.0197	0.0197	0.0197	0.0197	0.0197	0.0197	0.0197	0	0.0198	0.0198	0.0197	0.0197	0.0197	0.0197	0.0197	0.0197	0.0197	0.0197	0.0197	0.0198
  g	0.02	0.02	0.0201	0.02	0.0204	0.0202	0.02	0.0219	0.02	0.0237	0.02	0.02	0.02	0.0201	0.02	0.02	0.02	0.02	0.0202	0.0222	0.0201	0.0202	0.0201	0.02	0.02	0.0201	0.02	0.02	0.02	0.02	0.0202	0.0239	0.02	0.0201	0.0201	0.0203	0.02	0.02	0	0.025	0.02	0.02	0.0202	0.0201	0.02	0.02	0.02	0.0203	0.02	0.0286
  h	0.0202	0.0202	0.0204	0.0202	0.0207	0.0204	0.0202	0.0202	0.0202	0.0202	0.0202	0.0202	0.0202	0.0204	0.0202	0.0202	0.0202	0.0202	0.0204	0.0217	0.0202	0.0204	0.0202	0.0202	0.0202	0.0203	0.0202	0.0202	0.0202	0.0202	0.0204	0.0229	0.0202	0.0203	0.0204	0.0205	0.0202	0.0202	0.0252	0	0.0202	0.0202	0.0204	0.0203	0.0202	0.0202	0.0202	0.0205	0.0202	0.0206
  i	0.0195	0.0195	0.0196	0.0195	0.0307	0.0197	0.0196	0.0195	0.0195	0.0195	0.0201	0.0195	0.0195	0.0196	0.0278	0.0238	0.0196	0.0195	0.0196	0.0196	0.0195	0.0196	0.0196	0.0195	0.0239	0.0196	0.0195	0.0196	0.0195	0.0196	0.0196	0.0196	0.0195	0.0196	0.0199	0.0196	0.0196	0.0195	0.0197	0.0197	0	0.0195	0.0196	0.0196	0.0195	0.0196	0.0196	0.0196	0.0232	0.0196
  j	0.0197	0.0197	0.0198	0.0197	0.0199	0.0199	0.0197	0.0197	0.0197	0.0199	0.0197	0.0197	0.0197	0.0198	0.0197	0.0197	0.0197	0.0197	0.0198	0.0197	0.0197	0.0198	0.0197	0.0197	0.0197	0.0197	0.0197	0.0197	0.0197	0.0197	0.0197	0.0197	0.0202	0.0298	0.0197	0.0198	0.0197	0.0197	0.0198	0.0199	0.0197	0	0.0198	0.0198	0.0197	0.0271	0.0197	0.0199	0.0197	0.0198
  k	0.0197	0.0197	0.0198	0.0197	0.02	0.0199	0.0197	0.0197	0.0197	0.0197	0.0197	0.0197	0.0197	0.0198	0.0197	0.0197	0.0197	0.0197	0.0267	0.0198	0.0197	0.0198	0.0199	0.0197	0.0197	0.0198	0.0197	0.0197	0.0197	0.0197	0.0249	0.0198	0.0197	0.0198	0.0198	0.0207	0.0197	0.0197	0.0199	0.02	0.0197	0.0197	0	0.0198	0.0197	0.0197	0.0197	0.0208	0.0197	0.0211
  l	0.0212	0.0203	0.0207	0.0204	0.0211	0.0205	0.026	0.0204	0.0204	0.0315	0.0204	0.0204	0.0204	0.0207	0.0204	0.0204	0.0204	0.0204	0.0241	0.0204	0.0204	0.0207	0.0204	0.0204	0.0204	0.0225	0.0205	0.0207	0.0204	0.0219	0.0239	0.0204	0.0205	0.0227	0.0206	0.0205	0.0273	0.0203	0.0205	0.0206	0.0204	0.0204	0.0205	0	0.0204	0.032	0.022	0.0214	0.0212	0.0205
  m	0.0196	0.0196	0.0197	0.0196	0.0198	0.0198	0.0197	0.0196	0.0196	0.0196	0.0197	0.0196	0.0196	0.0197	0.0196	0.0196	0.0196	0.0196	0.0197	0.0197	0.0196	0.0197	0.0197	0.0268	0.0196	0.023	0.0196	0.0196	0.0196	0.0197	0.0197	0.0197	0.0196	0.0209	0.0197	0.0255	0.0197	0.0196	0.0197	0.0198	0.0196	0.0196	0.0197	0.0197	0	0.0196	0.0197	0.0198	0.0197	0.0198
  n	0.0292	0.0194	0.0195	0.0194	0.0197	0.0196	0.0195	0.0195	0.0194	0.0312	0.0195	0.0194	0.0194	0.0195	0.0194	0.0194	0.0195	0.0194	0.0195	0.0195	0.0194	0.0195	0.0195	0.0194	0.0194	0.0195	0.0244	0.0195	0.0194	0.0295	0.0195	0.0195	0.0312	0.0259	0.0195	0.0196	0.0195	0.0194	0.0196	0.0196	0.0195	0.0267	0.0195	0.0306	0.0194	0	0.0195	0.025	0.0195	0.0196
  o	0.0197	0.0197	0.02	0.0197	0.0203	0.0199	0.0204	0.0197	0.0197	0.0197	0.0197	0.0197	0.0197	0.02	0.0197	0.0197	0.0197	0.0197	0.0203	0.0197	0.0197	0.02	0.0197	0.0197	0.0197	0.0272	0.0197	0.0204	0.0197	0.0209	0.0203	0.0198	0.0197	0.0235	0.0199	0.0198	0.0205	0.0197	0.0198	0.0199	0.0197	0.0197	0.0198	0.0213	0.0197	0.0197	0	0.0198	0.0212	0.0198
  p	0.0205	0.0296	0.0198	0.0196	0.0199	0.0199	0.0197	0.0197	0.0197	0.0221	0.0197	0.0197	0.0197	0.0198	0.0197	0.0197	0.0197	0.0197	0.0206	0.0197	0.0198	0.0198	0.0215	0.0197	0.0197	0.0198	0.0201	0.0197	0.0196	0.0202	0.0204	0.0198	0.0205	0.0199	0.0197	0.0261	0.0197	0.0196	0.02	0.02	0.0197	0.0198	0.0208	0.0206	0.0197	0.0252	0.0197	0	0.0197	0.0278
  q	0.0202	0.0202	0.0204	0.0202	0.022	0.0204	0.0206	0.0202	0.0202	0.0202	0.0203	0.0202	0.0202	0.0204	0.0211	0.0336	0.0202	0.0202	0.0206	0.0202	0.0202	0.0204	0.0202	0.0202	0.0206	0.0222	0.0202	0.033	0.0202	0.0288	0.0205	0.0203	0.0202	0.0245	0.0204	0.0203	0.0207	0.0202	0.0203	0.0204	0.024	0.0202	0.0203	0.0211	0.0202	0.0202	0.0217	0.0203	0	0.0203
  r	0.0195	0.0195	0.0196	0.0195	0.0198	0.0197	0.0195	0.0295	0.0195	0.0351	0.0195	0.0195	0.0195	0.0196	0.0195	0.0195	0.0195	0.0195	0.0207	0.0196	0.0299	0.0196	0.0218	0.0195	0.0195	0.0196	0.0195	0.0195	0.0195	0.0276	0.0204	0.0196	0.0292	0.0197	0.0196	0.027	0.0195	0.0195	0.0278	0.0199	0.0195	0.0195	0.0208	0.0196	0.0195	0.0195	0.0195	0.0275	0.0195	0
