Map from character to field name
A:	Australia
B:	Bangladesh
C:	Bolivia
D:	Brazil
E:	Burkina_Faso
F:	Cambodia
G:	China
H:	Colombia
I:	Costa_Rica
J:	Cuba
K:	East_Timor
L:	Gabon
M:	Guadeloupe
N:	India
O:	Indonesia
P:	Japan
Q:	Laos
R:	Malaysia
S:	Mexico
T:	Myanmar
U:	New_Caledonia
V:	Nicaragua
W:	Pakistan
X:	Papua_New_Guinea
Y:	Philippines
Z:	Puerto_Rico
[:	Saint_Lucia
\:	Saudi_Arabia
]:	Senegal
^:	Singapore
_:	Solomon_Islands
`:	Somalia
a:	Sri_Lanka
b:	Taiwan
c:	Tanzania
d:	Thailand
e:	Tonga
f:	USA
g:	Vanuatu
h:	Vietnam
i:	?


Substitution rate (mu): 126.620778

Equilibrium frequencies (pi_i):
  A: 0.0251
  B: 0.0246
  C: 0.0249
  D: 0.0253
  E: 0.0252
  F: 0.0249
  G: 0.026
  H: 0.025
  I: 0.0251
  J: 0.0249
  K: 0.0243
  L: 0.0251
  M: 0.025
  N: 0.0255
  O: 0.025
  P: 0.0248
  Q: 0.0252
  R: 0.0243
  S: 0.0252
  T: 0.0246
  U: 0.0254
  V: 0.0252
  W: 0.0248
  X: 0.025
  Y: 0.0249
  Z: 0.0253
  [: 0.025
  \: 0.025
  ]: 0.0256
  ^: 0.0245
  _: 0.0253
  `: 0.0247
  a: 0.0244
  b: 0.0243
  c: 0.025
  d: 0.0249
  e: 0.0252
  f: 0.0255
  g: 0.0254
  h: 0.0249

Symmetrized rates from j->i (W_ij):
	A	B	C	D	E	F	G	H	I	J	K	L	M	N	O	P	Q	R	S	T	U	V	W	X	Y	Z	[	\	]	^	_	`	a	b	c	d	e	f	g	h
  A	0	0.9773	0.979	0.9771	0.9774	0.9768	0.9801	0.9782	0.9768	0.9774	0.9772	0.9779	0.9771	0.9966	1.8198	0.9805	0.9836	0.9875	0.9767	0.9771	1.0312	0.979	0.9779	1.2754	0.9841	0.9771	0.9771	0.9768	0.9781	0.9865	1.166	0.9776	0.9771	2.3048	0.9775	0.9848	1.1029	1.3687	1.0256	0.9795
  B	0.9773	0	0.9775	0.9754	0.9758	0.9752	0.9783	0.9767	0.9752	0.9758	0.9753	0.9763	0.9756	0.9943	1.2892	0.9768	0.9816	1.6393	0.9751	0.9753	0.9755	0.9775	0.9763	0.9762	0.9809	0.9754	0.9755	0.9753	0.9763	0.9807	0.976	0.9761	0.9752	0.9763	0.9759	0.9828	0.9758	0.9757	0.9755	0.9777
  C	0.979	0.9775	0	0.9775	0.9781	0.9774	0.9817	1.1369	0.9785	0.9782	0.9772	0.9789	0.978	1.2351	0.9915	0.9794	0.986	1.0152	0.9782	0.9773	0.9776	1.2724	0.9857	0.9781	0.9834	0.9775	0.9779	0.9774	0.979	0.9901	0.978	0.979	0.9772	0.978	0.9815	0.999	0.9778	0.9778	0.9775	0.9807
  D	0.9771	0.9754	0.9775	0	0.9761	0.9753	0.9782	0.9767	0.9752	1.055	0.9753	0.9767	0.9758	1.0614	0.9858	0.978	0.9814	0.9819	0.9752	0.9752	0.9755	0.9775	0.9764	0.9761	0.9801	1.3822	0.9758	0.9753	1.2553	0.9797	0.976	0.9763	0.9752	0.9758	0.976	0.9825	0.9758	1.2938	0.9755	0.9777
  E	0.9774	0.9758	0.9781	0.9761	0	0.9757	0.9787	0.9773	0.9757	0.9767	0.9757	1.3101	0.9762	1.1371	0.9861	0.9772	0.9819	0.9826	0.9756	0.9757	0.976	0.9781	0.9771	0.9765	0.9806	0.9761	0.9762	0.9757	1.3843	0.9803	0.9764	1.0442	0.9756	0.9762	0.9766	0.9835	0.9763	0.9763	0.976	0.9782
  F	0.9768	0.9752	0.9774	0.9753	0.9757	0	0.9786	0.9765	0.9751	0.9757	0.9751	0.9762	0.9754	0.9966	0.9856	0.9765	0.9823	0.9819	0.975	0.9751	0.9754	0.9773	0.9763	0.9759	0.98	0.9753	0.9754	0.9751	0.9762	0.9797	0.9758	0.976	0.975	0.9756	0.9759	1.4743	0.9756	0.9755	0.9753	0.978
  G	0.9801	0.9783	0.9817	0.9782	0.9787	0.9786	0	0.9805	0.978	0.9787	0.9781	0.9793	0.9785	1.0166	1.0029	1.5574	1.1149	0.9954	0.9779	0.9787	0.9783	0.9824	0.9799	0.9789	1.2196	0.9782	0.9784	0.9781	0.9794	2.5116	0.9788	0.9791	0.978	0.9809	0.9791	1.648	0.9786	0.9786	0.9783	1.4175
  H	0.9782	0.9767	1.1369	0.9767	0.9773	0.9765	0.9805	0	0.9779	0.9773	0.9764	0.9779	0.9771	1.1572	0.9896	0.9784	0.9844	1.0045	0.9774	0.9765	0.9767	1.4326	0.9826	0.9773	0.9822	0.9767	0.977	0.9765	0.978	0.9867	0.9772	0.978	0.9764	0.9771	0.9796	0.9936	0.977	0.977	0.9767	0.9796
  I	0.9768	0.9752	0.9785	0.9752	0.9757	0.9751	0.978	0.9779	0	0.9757	0.9751	0.9762	0.9754	0.9954	0.9853	0.9764	0.9812	0.9819	0.9759	0.975	0.9754	1.4677	0.9762	0.9759	0.9799	0.9752	0.9754	0.9751	0.9762	0.9795	0.9758	0.9759	0.975	0.9756	0.9758	0.9824	0.9756	0.9755	0.9753	0.9775
  J	0.9774	0.9758	0.9782	1.055	0.9767	0.9757	0.9787	0.9773	0.9757	0	0.9757	0.9774	0.9769	1.324	0.9863	0.9845	0.982	0.9827	0.9756	0.9757	0.976	0.9783	0.9771	0.9765	0.9806	1.055	0.9768	0.9757	1.284	0.9803	0.9764	0.9769	0.9756	0.9762	0.9767	0.9833	0.9763	1.0298	0.976	0.9782
  K	0.9772	0.9753	0.9772	0.9753	0.9757	0.9751	0.9781	0.9764	0.9751	0.9757	0	0.9762	0.9754	0.993	1.4787	0.9765	0.9813	0.9823	0.975	0.9751	0.9754	0.9772	0.9762	0.9761	0.9805	0.9753	0.9754	0.9751	0.9762	0.9809	0.9759	0.9759	0.975	0.9758	0.9758	0.9824	0.9757	0.9756	0.9754	0.9776
  L	0.9779	0.9763	0.9789	0.9767	1.3101	0.9762	0.9793	0.9779	0.9762	0.9774	0.9762	0	0.9768	1.2722	0.9868	0.9778	0.9826	0.9835	0.9762	0.9762	0.9765	0.9789	0.9779	0.9771	0.9811	0.9767	0.9768	0.9762	1.2704	0.9809	0.977	1.116	0.9761	0.9767	0.9773	0.9847	0.9768	0.9769	0.9765	0.9788
  M	0.9771	0.9756	0.978	0.9758	0.9762	0.9754	0.9785	0.9771	0.9754	0.9769	0.9754	0.9768	0	1.2968	0.9859	0.9784	0.9818	0.9825	0.9754	0.9754	0.9757	0.978	0.9768	0.9763	0.9804	0.9758	1.6126	0.9754	0.9774	0.9801	0.9762	0.9765	0.9754	0.976	0.9764	0.983	0.976	0.976	0.9757	0.978
  N	0.9966	0.9943	1.2351	1.0614	1.1371	0.9966	1.0166	1.1572	0.9954	1.324	0.993	1.2722	1.2968	0	1.0555	1.5557	1.0379	1.8382	0.995	0.994	0.9935	1.3007	1.4474	0.9941	1.0197	1.0614	1.2697	0.9938	1.3881	1.2691	0.9941	1.4636	0.993	0.9965	1.2797	1.6042	0.9938	1.0392	0.9935	1.0114
  O	1.8198	1.2892	0.9915	0.9858	0.9861	0.9856	1.0029	0.9896	0.9853	0.9863	1.4787	0.9868	0.9859	1.0555	0	1.5028	1.0122	1.7462	0.9853	1.4761	1.0192	0.9937	0.9884	1.1584	1.1536	0.9858	0.9859	0.9863	0.9873	2.1919	1.1041	0.9866	1.4744	2.6862	0.987	1.0216	1.0597	1.1412	1.0155	0.9963
  P	0.9805	0.9768	0.9794	0.978	0.9772	0.9765	1.5574	0.9784	0.9764	0.9845	0.9765	0.9778	0.9784	1.5557	1.5028	0	0.9856	0.9979	0.9764	0.9766	0.9768	0.9797	0.978	0.9775	2.1836	0.978	0.9782	0.9765	0.9834	1.0563	0.9774	0.9775	0.9765	1.0413	0.9775	0.988	0.9771	0.9781	0.9768	0.9803
  Q	0.9836	0.9816	0.986	0.9814	0.9819	0.9823	1.1149	0.9844	0.9812	0.982	0.9813	0.9826	0.9818	1.0379	1.0122	0.9856	0	1.0051	0.9811	0.9825	0.9815	0.9873	0.9837	0.9821	0.9944	0.9814	0.9817	0.9813	0.9828	1.0012	0.982	0.9824	0.9812	0.983	0.9826	1.7782	0.9818	0.9819	0.9815	1.0944
  R	0.9875	1.6393	1.0152	0.9819	0.9826	0.9819	0.9954	1.0045	0.9819	0.9827	0.9823	0.9835	0.9825	1.8382	1.7462	0.9979	1.0051	0	0.9819	0.9828	0.982	1.0277	0.9963	0.983	1.0621	0.9819	0.9824	1.4711	0.9837	1.5082	0.9827	0.9838	0.9823	0.9903	0.9889	1.0354	0.9824	0.9827	0.982	0.9912
  S	0.9767	0.9751	0.9782	0.9752	0.9756	0.975	0.9779	0.9774	0.9759	0.9756	0.975	0.9762	0.9754	0.995	0.9853	0.9764	0.9811	0.9819	0	0.975	0.9753	1.4756	0.9762	0.9759	0.9798	0.9752	0.9754	0.975	0.9761	0.9795	0.9758	0.9759	0.975	0.9755	0.9757	0.9823	0.9756	0.9755	0.9753	0.9775
  T	0.9771	0.9753	0.9773	0.9752	0.9757	0.9751	0.9787	0.9765	0.975	0.9757	0.9751	0.9762	0.9754	0.994	1.4761	0.9766	0.9825	0.9828	0.975	0	0.9754	0.9773	0.9762	0.9761	0.9807	0.9752	0.9754	0.9751	0.9762	0.9802	0.9759	0.9759	0.975	0.9758	0.9758	1.4724	0.9757	0.9756	0.9754	0.9781
  U	1.0312	0.9755	0.9776	0.9755	0.976	0.9754	0.9783	0.9767	0.9754	0.976	0.9754	0.9765	0.9757	0.9935	1.0192	0.9768	0.9815	0.982	0.9753	0.9754	0	0.9775	0.9764	1.032	0.9802	0.9755	0.9757	0.9754	0.9765	0.9799	1.3567	0.9762	0.9754	0.9763	0.9761	0.9825	1.0939	0.9759	1.52	0.9778
  V	0.979	0.9775	1.2724	0.9775	0.9781	0.9773	0.9824	1.4326	1.4677	0.9783	0.9772	0.9789	0.978	1.3007	0.9937	0.9797	0.9873	1.0277	1.4756	0.9773	0.9775	0	0.9882	0.978	0.9841	0.9775	0.9779	0.9774	0.979	0.9936	0.978	0.9792	0.9772	0.978	0.9826	1.004	0.9778	0.9778	0.9775	0.9812
  W	0.9779	0.9763	0.9857	0.9764	0.9771	0.9763	0.9799	0.9826	0.9762	0.9771	0.9762	0.9779	0.9768	1.4474	0.9884	0.978	0.9837	0.9963	0.9762	0.9762	0.9764	0.9882	0	0.977	0.9816	0.9764	0.9768	0.9762	0.9779	0.9846	0.9769	0.9783	0.9761	0.9768	1.3317	1.0126	0.9767	0.9767	0.9764	0.9792
  X	1.2754	0.9762	0.9781	0.9761	0.9765	0.9759	0.9789	0.9773	0.9759	0.9765	0.9761	0.9771	0.9763	0.9941	1.1584	0.9775	0.9821	0.983	0.9759	0.9761	1.032	0.978	0.977	0	0.981	0.9761	0.9763	0.9759	0.977	0.9811	1.1673	0.9768	0.976	0.9782	0.9766	0.9832	1.1056	0.9767	1.0263	0.9784
  Y	0.9841	0.9809	0.9834	0.9801	0.9806	0.98	1.2196	0.9822	0.9799	0.9806	0.9805	0.9811	0.9804	1.0197	1.1536	2.1836	0.9944	1.0621	0.9798	0.9807	0.9802	0.9841	0.9816	0.981	0	0.9801	0.9803	0.9802	0.9813	1.5319	0.9808	0.9809	0.9804	1.489	0.9809	0.9995	0.9806	0.9809	0.9802	0.9861
  Z	0.9771	0.9754	0.9775	1.3822	0.9761	0.9753	0.9782	0.9767	0.9752	1.055	0.9753	0.9767	0.9758	1.0614	0.9858	0.978	0.9814	0.9819	0.9752	0.9752	0.9755	0.9775	0.9764	0.9761	0.9801	0	0.9758	0.9753	1.2553	0.9797	0.976	0.9763	0.9752	0.9758	0.976	0.9825	0.9758	1.2938	0.9755	0.9777
  [	0.9771	0.9755	0.9779	0.9758	0.9762	0.9754	0.9784	0.977	0.9754	0.9768	0.9754	0.9768	1.6126	1.2697	0.9859	0.9782	0.9817	0.9824	0.9754	0.9754	0.9757	0.9779	0.9768	0.9763	0.9803	0.9758	0	0.9754	0.9773	0.98	0.9762	0.9765	0.9754	0.976	0.9764	0.983	0.976	0.976	0.9757	0.9779
  \	0.9768	0.9753	0.9774	0.9753	0.9757	0.9751	0.9781	0.9765	0.9751	0.9757	0.9751	0.9762	0.9754	0.9938	0.9863	0.9765	0.9813	1.4711	0.975	0.9751	0.9754	0.9774	0.9762	0.9759	0.9802	0.9753	0.9754	0	0.9762	0.9798	0.9758	0.9759	0.975	0.9756	0.9758	0.9825	0.9756	0.9755	0.9753	0.9776
  ]	0.9781	0.9763	0.979	1.2553	1.3843	0.9762	0.9794	0.978	0.9762	1.284	0.9762	1.2704	0.9774	1.3881	0.9873	0.9834	0.9828	0.9837	0.9761	0.9762	0.9765	0.979	0.9779	0.977	0.9813	1.2553	0.9773	0.9762	0	0.9811	0.977	1.0347	0.9761	0.9768	0.9773	0.9845	0.9768	1.1772	0.9765	0.9788
  ^	0.9865	0.9807	0.9901	0.9797	0.9803	0.9797	2.5116	0.9867	0.9795	0.9803	0.9809	0.9809	0.9801	1.2691	2.1919	1.0563	1.0012	1.5082	0.9795	0.9802	0.9799	0.9936	0.9846	0.9811	1.5319	0.9797	0.98	0.9798	0.9811	0	0.9808	0.9809	0.9798	1.0002	0.9822	1.3292	0.9804	0.9805	0.9799	0.9879
  _	1.166	0.976	0.978	0.976	0.9764	0.9758	0.9788	0.9772	0.9758	0.9764	0.9759	0.977	0.9762	0.9941	1.1041	0.9774	0.982	0.9827	0.9758	0.9759	1.3567	0.978	0.9769	1.1673	0.9808	0.976	0.9762	0.9758	0.977	0.9808	0	0.9767	0.9759	0.9776	0.9765	0.9831	1.3562	0.9765	1.3227	0.9783
  `	0.9776	0.9761	0.979	0.9763	1.0442	0.976	0.9791	0.978	0.9759	0.9769	0.9759	1.116	0.9765	1.4636	0.9866	0.9775	0.9824	0.9838	0.9759	0.9759	0.9762	0.9792	0.9783	0.9768	0.9809	0.9763	0.9765	0.9759	1.0347	0.9809	0.9767	0	0.9759	0.9765	0.9774	0.9859	0.9765	0.9765	0.9762	0.9785
  a	0.9771	0.9752	0.9772	0.9752	0.9756	0.975	0.978	0.9764	0.975	0.9756	0.975	0.9761	0.9754	0.993	1.4744	0.9765	0.9812	0.9823	0.975	0.975	0.9754	0.9772	0.9761	0.976	0.9804	0.9752	0.9754	0.975	0.9761	0.9798	0.9759	0.9759	0	0.9757	0.9757	0.9823	0.9757	0.9756	0.9753	0.9775
  b	2.3048	0.9763	0.978	0.9758	0.9762	0.9756	0.9809	0.9771	0.9756	0.9762	0.9758	0.9767	0.976	0.9965	2.6862	1.0413	0.983	0.9903	0.9755	0.9758	0.9763	0.978	0.9768	0.9782	1.489	0.9758	0.976	0.9756	0.9768	1.0002	0.9776	0.9765	0.9757	0	0.9763	0.9846	0.9771	1.145	0.9762	0.9786
  c	0.9775	0.9759	0.9815	0.976	0.9766	0.9759	0.9791	0.9796	0.9758	0.9767	0.9758	0.9773	0.9764	1.2797	0.987	0.9775	0.9826	0.9889	0.9757	0.9758	0.9761	0.9826	1.3317	0.9766	0.9809	0.976	0.9764	0.9758	0.9773	0.9822	0.9765	0.9774	0.9757	0.9763	0	1.0008	0.9763	0.9763	0.976	0.9785
  d	0.9848	0.9828	0.999	0.9825	0.9835	1.4743	1.648	0.9936	0.9824	0.9833	0.9824	0.9847	0.983	1.6042	1.0216	0.988	1.7782	1.0354	0.9823	1.4724	0.9825	1.004	1.0126	0.9832	0.9995	0.9825	0.983	0.9825	0.9845	1.3292	0.9831	0.9859	0.9823	0.9846	1.0008	0	0.9828	0.983	0.9825	1.3034
  e	1.1029	0.9758	0.9778	0.9758	0.9763	0.9756	0.9786	0.977	0.9756	0.9763	0.9757	0.9768	0.976	0.9938	1.0597	0.9771	0.9818	0.9824	0.9756	0.9757	1.0939	0.9778	0.9767	1.1056	0.9806	0.9758	0.976	0.9756	0.9768	0.9804	1.3562	0.9765	0.9757	0.9771	0.9763	0.9828	0	0.9763	1.0827	0.9781
  f	1.3687	0.9757	0.9778	1.2938	0.9763	0.9755	0.9786	0.977	0.9755	1.0298	0.9756	0.9769	0.976	1.0392	1.1412	0.9781	0.9819	0.9827	0.9755	0.9756	0.9759	0.9778	0.9767	0.9767	0.9809	1.2938	0.976	0.9755	1.1772	0.9805	0.9765	0.9765	0.9756	1.145	0.9763	0.983	0.9763	0	0.9759	0.978
  g	1.0256	0.9755	0.9775	0.9755	0.976	0.9753	0.9783	0.9767	0.9753	0.976	0.9754	0.9765	0.9757	0.9935	1.0155	0.9768	0.9815	0.982	0.9753	0.9754	1.52	0.9775	0.9764	1.0263	0.9802	0.9755	0.9757	0.9753	0.9765	0.9799	1.3227	0.9762	0.9753	0.9762	0.976	0.9825	1.0827	0.9759	0	0.9778
  h	0.9795	0.9777	0.9807	0.9777	0.9782	0.978	1.4175	0.9796	0.9775	0.9782	0.9776	0.9788	0.978	1.0114	0.9963	0.9803	1.0944	0.9912	0.9775	0.9781	0.9778	0.9812	0.9792	0.9784	0.9861	0.9777	0.9779	0.9776	0.9788	0.9879	0.9783	0.9785	0.9775	0.9786	0.9785	1.3034	0.9781	0.978	0.9778	0

Actual rates from j->i (Q_ij):
	A	B	C	D	E	F	G	H	I	J	K	L	M	N	O	P	Q	R	S	T	U	V	W	X	Y	Z	[	\	]	^	_	`	a	b	c	d	e	f	g	h
  A	0	0.0245	0.0245	0.0245	0.0245	0.0245	0.0246	0.0245	0.0245	0.0245	0.0245	0.0245	0.0245	0.025	0.0456	0.0246	0.0247	0.0248	0.0245	0.0245	0.0259	0.0245	0.0245	0.032	0.0247	0.0245	0.0245	0.0245	0.0245	0.0247	0.0292	0.0245	0.0245	0.0578	0.0245	0.0247	0.0276	0.0343	0.0257	0.0246
  B	0.024	0	0.024	0.024	0.024	0.024	0.024	0.024	0.024	0.024	0.024	0.024	0.024	0.0244	0.0317	0.024	0.0241	0.0403	0.024	0.024	0.024	0.024	0.024	0.024	0.0241	0.024	0.024	0.024	0.024	0.0241	0.024	0.024	0.024	0.024	0.024	0.0242	0.024	0.024	0.024	0.024
  C	0.0244	0.0243	0	0.0243	0.0243	0.0243	0.0244	0.0283	0.0244	0.0244	0.0243	0.0244	0.0243	0.0307	0.0247	0.0244	0.0245	0.0253	0.0243	0.0243	0.0243	0.0317	0.0245	0.0243	0.0245	0.0243	0.0243	0.0243	0.0244	0.0246	0.0243	0.0244	0.0243	0.0243	0.0244	0.0249	0.0243	0.0243	0.0243	0.0244
  D	0.0247	0.0247	0.0247	0	0.0247	0.0247	0.0248	0.0247	0.0247	0.0267	0.0247	0.0247	0.0247	0.0269	0.0249	0.0247	0.0248	0.0248	0.0247	0.0247	0.0247	0.0247	0.0247	0.0247	0.0248	0.035	0.0247	0.0247	0.0318	0.0248	0.0247	0.0247	0.0247	0.0247	0.0247	0.0249	0.0247	0.0327	0.0247	0.0247
  E	0.0246	0.0246	0.0246	0.0246	0	0.0246	0.0246	0.0246	0.0246	0.0246	0.0246	0.033	0.0246	0.0286	0.0248	0.0246	0.0247	0.0247	0.0246	0.0246	0.0246	0.0246	0.0246	0.0246	0.0247	0.0246	0.0246	0.0246	0.0349	0.0247	0.0246	0.0263	0.0246	0.0246	0.0246	0.0248	0.0246	0.0246	0.0246	0.0246
  F	0.0243	0.0243	0.0243	0.0243	0.0243	0	0.0243	0.0243	0.0243	0.0243	0.0243	0.0243	0.0243	0.0248	0.0245	0.0243	0.0244	0.0244	0.0243	0.0243	0.0243	0.0243	0.0243	0.0243	0.0244	0.0243	0.0243	0.0243	0.0243	0.0244	0.0243	0.0243	0.0243	0.0243	0.0243	0.0367	0.0243	0.0243	0.0243	0.0243
  G	0.0254	0.0254	0.0255	0.0254	0.0254	0.0254	0	0.0255	0.0254	0.0254	0.0254	0.0254	0.0254	0.0264	0.026	0.0404	0.0289	0.0258	0.0254	0.0254	0.0254	0.0255	0.0254	0.0254	0.0317	0.0254	0.0254	0.0254	0.0254	0.0652	0.0254	0.0254	0.0254	0.0255	0.0254	0.0428	0.0254	0.0254	0.0254	0.0368
  H	0.0244	0.0244	0.0284	0.0244	0.0244	0.0244	0.0245	0	0.0244	0.0244	0.0244	0.0244	0.0244	0.0289	0.0247	0.0244	0.0246	0.0251	0.0244	0.0244	0.0244	0.0357	0.0245	0.0244	0.0245	0.0244	0.0244	0.0244	0.0244	0.0246	0.0244	0.0244	0.0244	0.0244	0.0244	0.0248	0.0244	0.0244	0.0244	0.0244
  I	0.0245	0.0245	0.0245	0.0245	0.0245	0.0245	0.0245	0.0245	0	0.0245	0.0245	0.0245	0.0245	0.025	0.0247	0.0245	0.0246	0.0246	0.0245	0.0245	0.0245	0.0368	0.0245	0.0245	0.0246	0.0245	0.0245	0.0245	0.0245	0.0246	0.0245	0.0245	0.0245	0.0245	0.0245	0.0246	0.0245	0.0245	0.0245	0.0245
  J	0.0243	0.0243	0.0244	0.0263	0.0243	0.0243	0.0244	0.0243	0.0243	0	0.0243	0.0243	0.0243	0.033	0.0246	0.0245	0.0244	0.0245	0.0243	0.0243	0.0243	0.0244	0.0243	0.0243	0.0244	0.0263	0.0243	0.0243	0.032	0.0244	0.0243	0.0243	0.0243	0.0243	0.0243	0.0245	0.0243	0.0256	0.0243	0.0244
  K	0.0237	0.0237	0.0237	0.0237	0.0237	0.0237	0.0238	0.0237	0.0237	0.0237	0	0.0237	0.0237	0.0241	0.0359	0.0237	0.0238	0.0239	0.0237	0.0237	0.0237	0.0237	0.0237	0.0237	0.0238	0.0237	0.0237	0.0237	0.0237	0.0238	0.0237	0.0237	0.0237	0.0237	0.0237	0.0239	0.0237	0.0237	0.0237	0.0237
  L	0.0245	0.0245	0.0246	0.0245	0.0329	0.0245	0.0246	0.0245	0.0245	0.0245	0.0245	0	0.0245	0.0319	0.0248	0.0245	0.0247	0.0247	0.0245	0.0245	0.0245	0.0246	0.0245	0.0245	0.0246	0.0245	0.0245	0.0245	0.0319	0.0246	0.0245	0.028	0.0245	0.0245	0.0245	0.0247	0.0245	0.0245	0.0245	0.0246
  M	0.0244	0.0244	0.0245	0.0244	0.0244	0.0244	0.0245	0.0244	0.0244	0.0244	0.0244	0.0244	0	0.0324	0.0247	0.0245	0.0245	0.0246	0.0244	0.0244	0.0244	0.0245	0.0244	0.0244	0.0245	0.0244	0.0403	0.0244	0.0244	0.0245	0.0244	0.0244	0.0244	0.0244	0.0244	0.0246	0.0244	0.0244	0.0244	0.0245
  N	0.0254	0.0253	0.0315	0.027	0.029	0.0254	0.0259	0.0295	0.0254	0.0337	0.0253	0.0324	0.033	0	0.0269	0.0396	0.0264	0.0468	0.0253	0.0253	0.0253	0.0331	0.0369	0.0253	0.026	0.027	0.0323	0.0253	0.0354	0.0323	0.0253	0.0373	0.0253	0.0254	0.0326	0.0409	0.0253	0.0265	0.0253	0.0258
  O	0.0455	0.0322	0.0248	0.0246	0.0247	0.0246	0.0251	0.0247	0.0246	0.0247	0.037	0.0247	0.0246	0.0264	0	0.0376	0.0253	0.0437	0.0246	0.0369	0.0255	0.0248	0.0247	0.029	0.0288	0.0246	0.0246	0.0247	0.0247	0.0548	0.0276	0.0247	0.0369	0.0672	0.0247	0.0255	0.0265	0.0285	0.0254	0.0249
  P	0.0243	0.0242	0.0243	0.0243	0.0242	0.0242	0.0386	0.0243	0.0242	0.0244	0.0242	0.0243	0.0243	0.0386	0.0373	0	0.0244	0.0248	0.0242	0.0242	0.0242	0.0243	0.0243	0.0242	0.0542	0.0243	0.0243	0.0242	0.0244	0.0262	0.0242	0.0242	0.0242	0.0258	0.0242	0.0245	0.0242	0.0243	0.0242	0.0243
  Q	0.0248	0.0247	0.0248	0.0247	0.0247	0.0247	0.0281	0.0248	0.0247	0.0247	0.0247	0.0248	0.0247	0.0261	0.0255	0.0248	0	0.0253	0.0247	0.0247	0.0247	0.0249	0.0248	0.0247	0.025	0.0247	0.0247	0.0247	0.0248	0.0252	0.0247	0.0247	0.0247	0.0248	0.0248	0.0448	0.0247	0.0247	0.0247	0.0276
  R	0.024	0.0398	0.0246	0.0238	0.0239	0.0238	0.0242	0.0244	0.0238	0.0239	0.0239	0.0239	0.0239	0.0446	0.0424	0.0242	0.0244	0	0.0238	0.0239	0.0238	0.025	0.0242	0.0239	0.0258	0.0238	0.0239	0.0357	0.0239	0.0366	0.0239	0.0239	0.0239	0.024	0.024	0.0251	0.0239	0.0239	0.0238	0.0241
  S	0.0246	0.0245	0.0246	0.0245	0.0245	0.0245	0.0246	0.0246	0.0245	0.0245	0.0245	0.0246	0.0245	0.025	0.0248	0.0246	0.0247	0.0247	0	0.0245	0.0245	0.0371	0.0246	0.0245	0.0246	0.0245	0.0245	0.0245	0.0245	0.0246	0.0245	0.0245	0.0245	0.0245	0.0245	0.0247	0.0245	0.0245	0.0245	0.0246
  T	0.024	0.024	0.024	0.024	0.024	0.024	0.0241	0.024	0.024	0.024	0.024	0.024	0.024	0.0244	0.0363	0.024	0.0241	0.0242	0.024	0	0.024	0.024	0.024	0.024	0.0241	0.024	0.024	0.024	0.024	0.0241	0.024	0.024	0.024	0.024	0.024	0.0362	0.024	0.024	0.024	0.024
  U	0.0262	0.0248	0.0248	0.0248	0.0248	0.0248	0.0249	0.0248	0.0248	0.0248	0.0248	0.0248	0.0248	0.0252	0.0259	0.0248	0.0249	0.0249	0.0248	0.0248	0	0.0248	0.0248	0.0262	0.0249	0.0248	0.0248	0.0248	0.0248	0.0249	0.0345	0.0248	0.0248	0.0248	0.0248	0.025	0.0278	0.0248	0.0386	0.0248
  V	0.0247	0.0247	0.0321	0.0247	0.0247	0.0247	0.0248	0.0361	0.037	0.0247	0.0247	0.0247	0.0247	0.0328	0.0251	0.0247	0.0249	0.0259	0.0372	0.0247	0.0247	0	0.0249	0.0247	0.0248	0.0247	0.0247	0.0247	0.0247	0.0251	0.0247	0.0247	0.0247	0.0247	0.0248	0.0253	0.0247	0.0247	0.0247	0.0248
  W	0.0242	0.0242	0.0244	0.0242	0.0242	0.0242	0.0243	0.0243	0.0242	0.0242	0.0242	0.0242	0.0242	0.0358	0.0245	0.0242	0.0244	0.0247	0.0242	0.0242	0.0242	0.0245	0	0.0242	0.0243	0.0242	0.0242	0.0242	0.0242	0.0244	0.0242	0.0242	0.0242	0.0242	0.033	0.0251	0.0242	0.0242	0.0242	0.0243
  X	0.0319	0.0244	0.0244	0.0244	0.0244	0.0244	0.0245	0.0244	0.0244	0.0244	0.0244	0.0244	0.0244	0.0248	0.0289	0.0244	0.0245	0.0246	0.0244	0.0244	0.0258	0.0244	0.0244	0	0.0245	0.0244	0.0244	0.0244	0.0244	0.0245	0.0292	0.0244	0.0244	0.0244	0.0244	0.0246	0.0276	0.0244	0.0256	0.0244
  Y	0.0245	0.0244	0.0245	0.0244	0.0244	0.0244	0.0303	0.0244	0.0244	0.0244	0.0244	0.0244	0.0244	0.0254	0.0287	0.0543	0.0247	0.0264	0.0244	0.0244	0.0244	0.0245	0.0244	0.0244	0	0.0244	0.0244	0.0244	0.0244	0.0381	0.0244	0.0244	0.0244	0.037	0.0244	0.0249	0.0244	0.0244	0.0244	0.0245
  Z	0.0247	0.0247	0.0247	0.035	0.0247	0.0247	0.0248	0.0247	0.0247	0.0267	0.0247	0.0247	0.0247	0.0269	0.0249	0.0247	0.0248	0.0248	0.0247	0.0247	0.0247	0.0247	0.0247	0.0247	0.0248	0	0.0247	0.0247	0.0318	0.0248	0.0247	0.0247	0.0247	0.0247	0.0247	0.0249	0.0247	0.0327	0.0247	0.0247
  [	0.0245	0.0244	0.0245	0.0244	0.0244	0.0244	0.0245	0.0245	0.0244	0.0244	0.0244	0.0244	0.0404	0.0318	0.0247	0.0245	0.0246	0.0246	0.0244	0.0244	0.0244	0.0245	0.0244	0.0244	0.0245	0.0244	0	0.0244	0.0245	0.0245	0.0244	0.0244	0.0244	0.0244	0.0244	0.0246	0.0244	0.0244	0.0244	0.0245
  \	0.0244	0.0244	0.0244	0.0244	0.0244	0.0244	0.0244	0.0244	0.0244	0.0244	0.0244	0.0244	0.0244	0.0248	0.0247	0.0244	0.0245	0.0368	0.0244	0.0244	0.0244	0.0244	0.0244	0.0244	0.0245	0.0244	0.0244	0	0.0244	0.0245	0.0244	0.0244	0.0244	0.0244	0.0244	0.0246	0.0244	0.0244	0.0244	0.0244
  ]	0.0251	0.025	0.0251	0.0322	0.0355	0.025	0.0251	0.0251	0.025	0.0329	0.025	0.0326	0.0251	0.0356	0.0253	0.0252	0.0252	0.0252	0.025	0.025	0.025	0.0251	0.0251	0.0251	0.0252	0.0322	0.0251	0.025	0	0.0252	0.025	0.0265	0.025	0.025	0.0251	0.0252	0.025	0.0302	0.025	0.0251
  ^	0.0242	0.024	0.0243	0.024	0.024	0.024	0.0616	0.0242	0.024	0.024	0.024	0.0241	0.024	0.0311	0.0537	0.0259	0.0245	0.037	0.024	0.024	0.024	0.0244	0.0241	0.0241	0.0376	0.024	0.024	0.024	0.0241	0	0.024	0.024	0.024	0.0245	0.0241	0.0326	0.024	0.024	0.024	0.0242
  _	0.0295	0.0247	0.0247	0.0247	0.0247	0.0247	0.0248	0.0247	0.0247	0.0247	0.0247	0.0247	0.0247	0.0252	0.0279	0.0247	0.0248	0.0249	0.0247	0.0247	0.0343	0.0247	0.0247	0.0295	0.0248	0.0247	0.0247	0.0247	0.0247	0.0248	0	0.0247	0.0247	0.0247	0.0247	0.0249	0.0343	0.0247	0.0335	0.0248
  `	0.0241	0.0241	0.0242	0.0241	0.0258	0.0241	0.0242	0.0241	0.0241	0.0241	0.0241	0.0275	0.0241	0.0361	0.0243	0.0241	0.0242	0.0243	0.0241	0.0241	0.0241	0.0242	0.0241	0.0241	0.0242	0.0241	0.0241	0.0241	0.0255	0.0242	0.0241	0	0.0241	0.0241	0.0241	0.0243	0.0241	0.0241	0.0241	0.0241
  a	0.0238	0.0238	0.0238	0.0237	0.0238	0.0237	0.0238	0.0238	0.0237	0.0238	0.0237	0.0238	0.0238	0.0242	0.0359	0.0238	0.0239	0.0239	0.0237	0.0237	0.0238	0.0238	0.0238	0.0238	0.0239	0.0237	0.0238	0.0237	0.0238	0.0239	0.0238	0.0238	0	0.0238	0.0238	0.0239	0.0238	0.0238	0.0238	0.0238
  b	0.056	0.0237	0.0238	0.0237	0.0237	0.0237	0.0238	0.0238	0.0237	0.0237	0.0237	0.0237	0.0237	0.0242	0.0653	0.0253	0.0239	0.0241	0.0237	0.0237	0.0237	0.0238	0.0237	0.0238	0.0362	0.0237	0.0237	0.0237	0.0237	0.0243	0.0238	0.0237	0.0237	0	0.0237	0.0239	0.0238	0.0278	0.0237	0.0238
  c	0.0245	0.0244	0.0246	0.0244	0.0244	0.0244	0.0245	0.0245	0.0244	0.0244	0.0244	0.0244	0.0244	0.032	0.0247	0.0245	0.0246	0.0247	0.0244	0.0244	0.0244	0.0246	0.0333	0.0244	0.0245	0.0244	0.0244	0.0244	0.0244	0.0246	0.0244	0.0244	0.0244	0.0244	0	0.025	0.0244	0.0244	0.0244	0.0245
  d	0.0245	0.0244	0.0248	0.0244	0.0245	0.0367	0.041	0.0247	0.0244	0.0245	0.0244	0.0245	0.0244	0.0399	0.0254	0.0246	0.0442	0.0258	0.0244	0.0366	0.0244	0.025	0.0252	0.0245	0.0249	0.0244	0.0244	0.0244	0.0245	0.0331	0.0244	0.0245	0.0244	0.0245	0.0249	0	0.0244	0.0244	0.0244	0.0324
  e	0.0278	0.0246	0.0246	0.0246	0.0246	0.0246	0.0247	0.0246	0.0246	0.0246	0.0246	0.0246	0.0246	0.0251	0.0267	0.0246	0.0247	0.0248	0.0246	0.0246	0.0276	0.0246	0.0246	0.0279	0.0247	0.0246	0.0246	0.0246	0.0246	0.0247	0.0342	0.0246	0.0246	0.0246	0.0246	0.0248	0	0.0246	0.0273	0.0247
  f	0.035	0.0249	0.025	0.033	0.0249	0.0249	0.025	0.025	0.0249	0.0263	0.0249	0.025	0.0249	0.0265	0.0291	0.025	0.0251	0.0251	0.0249	0.0249	0.0249	0.025	0.0249	0.0249	0.0251	0.033	0.0249	0.0249	0.0301	0.025	0.0249	0.0249	0.0249	0.0292	0.0249	0.0251	0.0249	0	0.0249	0.025
  g	0.026	0.0248	0.0248	0.0248	0.0248	0.0248	0.0248	0.0248	0.0248	0.0248	0.0248	0.0248	0.0248	0.0252	0.0258	0.0248	0.0249	0.0249	0.0248	0.0248	0.0386	0.0248	0.0248	0.0261	0.0249	0.0248	0.0248	0.0248	0.0248	0.0249	0.0336	0.0248	0.0248	0.0248	0.0248	0.0249	0.0275	0.0248	0	0.0248
  h	0.0244	0.0244	0.0245	0.0244	0.0244	0.0244	0.0354	0.0244	0.0244	0.0244	0.0244	0.0244	0.0244	0.0252	0.0248	0.0244	0.0273	0.0247	0.0244	0.0244	0.0244	0.0245	0.0244	0.0244	0.0246	0.0244	0.0244	0.0244	0.0244	0.0246	0.0244	0.0244	0.0244	0.0244	0.0244	0.0325	0.0244	0.0244	0.0244	0
