195
PP269726.1|Viet_Nam|NA|NA|Dengue_1|2015-11-27|2015.90410958904                                                       0.0000000 0.0221064 0.0186563 0.0273913 0.0343780 0.0221472 0.0221027 0.3154051 0.3218192 0.0256011 0.0361437 0.0238806 0.0290909 0.0451504 0.0400018 0.0135213 0.0273827 0.0186719 0.0160248 0.0152150 0.0152150 0.0397792 0.0186559 0.0169229 0.0345263 0.0169241 0.0203699 0.0221186 0.0117942 0.0291171 0.0135027 0.0100969 0.0256440 0.0290944 0.0487464 0.0290902 0.0291831 0.0256128 0.0415875 0.0290951 0.0433211 0.0452038 0.0308810 0.3248736 0.0239085 0.0239085 0.0203840 0.0398599 0.0273441 0.0308514 0.0273396 0.0221191 0.0221107 0.0221196 0.0203844 0.0203844 0.0221117 0.0256377 0.0309297 0.0203840 0.0256939 0.0273645 0.0256577 0.0887057 0.3039059 0.3328067 0.3201256 0.0309164 0.0273852 0.0291342 0.0238491 0.0255938 0.2926470 0.2870549 0.3165447 0.0308659 0.3161744 0.0963622 0.0846662 0.1177385 0.3105582 0.0580771 0.0361762 0.0636078 0.0846281 0.0987314 0.0964094 0.0847004 0.3271063 0.0710726 0.0616803 0.0308942 0.0712209 0.0711590 0.0715124 0.0892554 0.0674223 0.0942232 0.0826581 0.0732716 0.0637003 0.0887348 0.2987873 0.0787947 0.3227937 0.0676995 0.0238543 0.0712612 0.2753835 0.3338594 0.2920060 0.3375304 0.0964245 0.0637610 0.0581683 0.0291356 0.3169290 0.2919087 0.1098314 0.2935580 0.0809579 0.2978688 0.0750575 0.2778732 0.0713033 0.0730632 0.0827030 0.3422607 0.0616767 0.0807943 0.3094924 0.0676995 0.0810046 0.0712031 0.0714086 0.0655517 0.0692463 0.0716372 0.0730182 0.0845773 0.0807374 0.0693815 0.0828823 0.0543760 0.0808295 0.3021026 0.0344926 0.0787460 0.0653420 0.0579563 0.2979951 0.2922243 0.2916621 0.0546336 0.3157067 0.0695197 0.0436267 0.0930683 0.0772309 0.0711780 0.0693857 0.0770108 0.2961022 0.0807352 0.0767840 0.0749821 0.3169290 0.3240122 0.0850480 0.0326622 0.3022265 0.3047800 0.2932025 0.2828987 0.0886062 0.0636685 0.0674172 0.0597983 0.0827705 0.0789286 0.0789148 0.0847354 0.0789286 0.0772258 0.0847184 0.0728896 0.0789286 0.0561495 0.0221096 0.0889229 0.0344363 0.0238800 0.0344363 0.0238800 0.0638418 
PP269731.1|Viet_Nam|NA|NA|Dengue_1|2015-12-16|2015.95616438356                                                       0.0221064 0.0000000 0.0134967 0.0186702 0.0361172 0.0135132 0.0134867 0.3027294 0.3150966 0.0273232 0.0343290 0.0221156 0.0308195 0.0432941 0.0417653 0.0152200 0.0291106 0.0203808 0.0180443 0.0067055 0.0134889 0.0415321 0.0169150 0.0117839 0.0362734 0.0186269 0.0151969 0.0134961 0.0169122 0.0308473 0.0083951 0.0152022 0.0169500 0.0238322 0.0468750 0.0238288 0.0204226 0.0203813 0.0433449 0.0238328 0.0450794 0.0469691 0.0221115 0.3181087 0.0186851 0.0186851 0.0117902 0.0309223 0.0255664 0.0290589 0.0255621 0.0134964 0.0134914 0.0134967 0.0117904 0.0117904 0.0169190 0.0169458 0.0256362 0.0117902 0.0204450 0.0221151 0.0204165 0.0827330 0.3032890 0.3258893 0.3224924 0.0221363 0.0186663 0.0203890 0.0220992 0.0203662 0.2949823 0.2836364 0.3189020 0.0221008 0.3034421 0.0903143 0.0787511 0.1155026 0.3129056 0.0561578 0.0379201 0.0654117 0.0825829 0.0966084 0.0982836 0.0805733 0.3296239 0.0728914 0.0672354 0.0361823 0.0692394 0.0729793 0.0695214 0.0871709 0.0654593 0.0921355 0.0806244 0.0712763 0.0617537 0.0827606 0.3011146 0.0767789 0.3251616 0.0657271 0.0255725 0.0692784 0.2691954 0.3269022 0.2856127 0.3273944 0.0943205 0.0693535 0.0599654 0.0308669 0.3102439 0.2797688 0.1076307 0.2871792 0.0789254 0.2972717 0.0730568 0.2808433 0.0731277 0.0710747 0.0806668 0.3352084 0.0634757 0.0826364 0.2969474 0.0657271 0.0751183 0.0654472 0.0694210 0.0598978 0.0672766 0.0658402 0.0710322 0.0824774 0.0786586 0.0712010 0.0847323 0.0561620 0.0865721 0.3044387 0.0362379 0.0767325 0.0633950 0.0597463 0.3003136 0.2945328 0.2939659 0.0527217 0.3120666 0.0675417 0.0453977 0.0989562 0.0790726 0.0691982 0.0712055 0.0788467 0.2984269 0.0787096 0.0747814 0.0729842 0.3102439 0.3203408 0.0869075 0.0344008 0.3045647 0.3012488 0.2955220 0.2766375 0.0944200 0.0617230 0.0654544 0.0615927 0.0885314 0.0846559 0.0846409 0.0905161 0.0846559 0.0790672 0.0904978 0.0709067 0.0846559 0.0579369 0.0238237 0.0907898 0.0361786 0.0256002 0.0361786 0.0256002 0.0618903 
PP269725.1|Viet_Nam|NA|NA|Dengue_1|2015-11-11|2015.8602739726                                                        0.0186563 0.0134967 0.0000000 0.0186812 0.0325907 0.0135211 0.0134945 0.3001712 0.3125281 0.0238448 0.0308143 0.0221288 0.0273226 0.0397240 0.0381809 0.0118069 0.0256177 0.0169394 0.0160200 0.0067093 0.0100904 0.0344039 0.0134967 0.0083952 0.0327308 0.0152004 0.0117890 0.0135039 0.0134945 0.0255960 0.0050240 0.0117931 0.0169600 0.0238465 0.0432862 0.0238431 0.0169739 0.0135085 0.0397701 0.0238471 0.0415001 0.0433726 0.0221247 0.3155320 0.0152476 0.0152476 0.0117970 0.0309413 0.0255818 0.0290766 0.0255775 0.0135042 0.0100922 0.0135045 0.0117972 0.0117972 0.0134998 0.0169558 0.0186895 0.0117970 0.0169924 0.0152212 0.0169689 0.0827926 0.2948013 0.3232764 0.3168971 0.0221495 0.0186773 0.0169462 0.0221124 0.0203783 0.2895653 0.2726507 0.3074038 0.0221140 0.3008744 0.0903797 0.0788071 0.1073337 0.3015141 0.0525045 0.0343811 0.0617062 0.0787722 0.0926978 0.0943758 0.0785780 0.3236438 0.0691448 0.0635213 0.0326491 0.0617537 0.0692273 0.0657722 0.0833017 0.0617507 0.0882753 0.0768261 0.0637498 0.0580651 0.0828202 0.2956936 0.0730051 0.3195530 0.0620016 0.0221045 0.0655440 0.2667204 0.3242773 0.2830964 0.3278660 0.0904377 0.0656146 0.0562829 0.0273645 0.3076775 0.2772711 0.1036140 0.2789475 0.0751272 0.2888652 0.0693001 0.2770355 0.0693672 0.0673349 0.0768670 0.3325706 0.0597846 0.0788229 0.2885581 0.0620016 0.0751713 0.0654919 0.0619136 0.0562199 0.0598250 0.0658855 0.0635337 0.0825366 0.0787135 0.0636836 0.0770320 0.0525083 0.0827321 0.2931826 0.0326988 0.0729599 0.0597102 0.0560787 0.2949160 0.2891792 0.2886250 0.0490727 0.3065325 0.0638109 0.0417920 0.0950187 0.0714313 0.0654690 0.0636871 0.0750526 0.2930219 0.0749235 0.0710243 0.0692323 0.3076775 0.3148028 0.0791590 0.0308782 0.2932974 0.2958239 0.2901395 0.2741512 0.0905321 0.0580365 0.0617460 0.0579141 0.0846791 0.0808262 0.0808120 0.0866505 0.0808262 0.0714269 0.0866330 0.0671767 0.0808262 0.0542775 0.0203667 0.0829933 0.0326457 0.0221283 0.0326457 0.0221283 0.0581928 
PP269750.1|Viet_Nam|NA|NA|Dengue_1|2016-12-14|2016.95068493151                                                       0.0273913 0.0186702 0.0186812 0.0000000 0.0415610 0.0118263 0.0186671 0.3159623 0.3162997 0.0326666 0.0397493 0.0274028 0.0362017 0.0488275 0.0454875 0.0204286 0.0344817 0.0256473 0.0242124 0.0118116 0.0186702 0.0470492 0.0221363 0.0169454 0.0417430 0.0238655 0.0203973 0.0084098 0.0186671 0.0362347 0.0135205 0.0169490 0.0118292 0.0221347 0.0487875 0.0221315 0.0187245 0.0256479 0.0488861 0.0221352 0.0506328 0.0525557 0.0273978 0.3193317 0.0239411 0.0239411 0.0101077 0.0292110 0.0238672 0.0273558 0.0238632 0.0118116 0.0118072 0.0118119 0.0101080 0.0101080 0.0152301 0.0050232 0.0309728 0.0101077 0.0257291 0.0274022 0.0256929 0.0927467 0.3074467 0.3334167 0.3267920 0.0204377 0.0135345 0.0152456 0.0204036 0.0186729 0.2989905 0.2846469 0.3231521 0.0273844 0.3167358 0.1004568 0.0847457 0.1220643 0.3170854 0.0618624 0.0433890 0.0674331 0.0847075 0.1028634 0.1005065 0.0847835 0.3342843 0.0787979 0.0692645 0.0416370 0.0751117 0.0788957 0.0754219 0.0893409 0.0674825 0.0982911 0.0827352 0.0731219 0.0675323 0.0888193 0.3051592 0.0827431 0.3325783 0.0715773 0.0273724 0.0751545 0.2758277 0.3344751 0.2924952 0.3381594 0.1005220 0.0752371 0.0657283 0.0362579 0.3174881 0.2923972 0.1099435 0.2911285 0.0849362 0.3013592 0.0712985 0.2862316 0.0751992 0.0769652 0.0827802 0.3365568 0.0692612 0.0847628 0.3100322 0.0715773 0.0849847 0.0750923 0.0712631 0.0656533 0.0731163 0.0755549 0.0769176 0.0924515 0.0846438 0.0771041 0.0908200 0.0618672 0.0926768 0.3085263 0.0417019 0.0768933 0.0691715 0.0654849 0.3043359 0.2984907 0.2921392 0.0584087 0.3192955 0.0734059 0.0509936 0.1011982 0.0850968 0.0750655 0.0771093 0.0848507 0.3024446 0.0847001 0.0768543 0.0789005 0.3174881 0.3306806 0.0930403 0.0398336 0.2968766 0.3082630 0.2995071 0.2833616 0.1006301 0.0674982 0.0712763 0.0673522 0.0946629 0.0907372 0.0907211 0.0966761 0.0907372 0.0850906 0.0966564 0.0767799 0.0907372 0.0599145 0.0291240 0.0969726 0.0416328 0.0309288 0.0416328 0.0309288 0.0676835 
PP269785.1|Viet_Nam|NA|NA|Dengue_1|2017-06-28|2017.48767123288                                                       0.0343780 0.0361172 0.0325907 0.0415610 0.0000000 0.0361860 0.0361111 0.3038358 0.2929077 0.0326232 0.0325965 0.0308885 0.0221034 0.0379544 0.0364038 0.0273485 0.0204052 0.0291067 0.0200910 0.0290644 0.0290644 0.0118168 0.0325899 0.0308058 0.0274415 0.0308082 0.0343356 0.0361379 0.0290596 0.0152262 0.0273100 0.0273160 0.0397734 0.0396839 0.0451169 0.0396782 0.0416083 0.0397231 0.0379982 0.0396849 0.0397263 0.0415906 0.0451211 0.2958232 0.0380022 0.0380022 0.0343602 0.0543553 0.0414616 0.0450486 0.0414546 0.0361388 0.0361245 0.0361396 0.0343610 0.0343610 0.0361262 0.0397637 0.0451936 0.0343602 0.0398525 0.0415183 0.0397950 0.0808413 0.2928942 0.3032247 0.3141983 0.0451749 0.0415514 0.0433388 0.0379052 0.0361224 0.2783835 0.2763927 0.3047433 0.0450987 0.3045564 0.0884677 0.0768735 0.1014329 0.2988746 0.0506964 0.0361570 0.0561606 0.0692563 0.0867682 0.0885102 0.0726095 0.3143899 0.0672931 0.0616860 0.0308962 0.0636630 0.0636087 0.0601600 0.0775007 0.0636599 0.0824840 0.0673461 0.0619072 0.0525467 0.0848206 0.2930747 0.0635881 0.2998541 0.0564266 0.0273365 0.0674701 0.2591993 0.3041272 0.2754362 0.3075684 0.0846116 0.0600174 0.0544613 0.0362092 0.2881189 0.2807385 0.0996069 0.2770386 0.0733020 0.2811519 0.0712414 0.2773187 0.0637359 0.0580469 0.0673807 0.3122415 0.0579598 0.0731071 0.3039799 0.0564266 0.0694780 0.0599069 0.0600749 0.0580706 0.0579989 0.0640293 0.0616980 0.0767940 0.0730065 0.0618431 0.0751523 0.0507001 0.0769747 0.2963513 0.0309431 0.0673099 0.0541954 0.0505924 0.2923082 0.2865915 0.2888827 0.0472660 0.2813883 0.0582266 0.0436300 0.0891084 0.0733380 0.0598863 0.0618464 0.0693681 0.2904103 0.0654736 0.0579674 0.0636137 0.2881189 0.3003894 0.0772685 0.0291302 0.2993801 0.2712066 0.2875382 0.2610036 0.0846986 0.0562131 0.0636551 0.0524119 0.0789021 0.0750853 0.0788690 0.0808526 0.0750853 0.0695596 0.0769728 0.0615916 0.0750853 0.0524667 0.0152094 0.0772152 0.0308930 0.0204035 0.0308930 0.0204035 0.0563641 
PP269812.1|Viet_Nam|NA|NA|Dengue_1|2018-01-10|2018.02465753425                                                       0.0221472 0.0135132 0.0135211 0.0118263 0.0361860 0.0000000 0.0135110 0.3098808 0.3162997 0.0273742 0.0343942 0.0256485 0.0308775 0.0433781 0.0400358 0.0152476 0.0291652 0.0204182 0.0201307 0.0067174 0.0135132 0.0416125 0.0169458 0.0118051 0.0363429 0.0186609 0.0152244 0.0067173 0.0135110 0.0309054 0.0084100 0.0118075 0.0101232 0.0169446 0.0433426 0.0169422 0.0135520 0.0204187 0.0434292 0.0169450 0.0451673 0.0470613 0.0221523 0.3193317 0.0152262 0.0152262 0.0050299 0.0169430 0.0186623 0.0221188 0.0186592 0.0067174 0.0067150 0.0101084 0.0050300 0.0050300 0.0169498 0.0101207 0.0256840 0.0050299 0.0169685 0.0221559 0.0169450 0.0868239 0.3014393 0.3271727 0.3237380 0.0083986 0.0118239 0.0135301 0.0152291 0.0135151 0.2924462 0.2846469 0.3201218 0.0221416 0.3106275 0.0944674 0.0789182 0.1112611 0.3140862 0.0562706 0.0379928 0.0655460 0.0788832 0.0968232 0.0985023 0.0827466 0.3309950 0.0730426 0.0636078 0.0362514 0.0693830 0.0731319 0.0696662 0.0834212 0.0618346 0.0923358 0.0769339 0.0714252 0.0618795 0.0829382 0.3022205 0.0769409 0.3264234 0.0658628 0.0256201 0.0694222 0.2701322 0.3281973 0.2808520 0.3318290 0.0945284 0.0694976 0.0600871 0.0309251 0.3114215 0.2865502 0.1078787 0.2853231 0.0790933 0.2954165 0.0656090 0.2820824 0.0732810 0.0712227 0.0769749 0.3302802 0.0636043 0.0828136 0.3040077 0.0658628 0.0791393 0.0693660 0.0695655 0.0600193 0.0674153 0.0697874 0.0711789 0.0865514 0.0826977 0.0713496 0.0849152 0.0562748 0.0867596 0.3055668 0.0363072 0.0749748 0.0635231 0.0598671 0.3014110 0.2955948 0.2950229 0.0528272 0.3132479 0.0676815 0.0454869 0.0951583 0.0792412 0.0693416 0.0713540 0.0751577 0.2995171 0.0788765 0.0749372 0.0731368 0.3114215 0.3215631 0.0870965 0.0344662 0.2998042 0.3023561 0.2965944 0.2776132 0.0946284 0.0618487 0.0655888 0.0617168 0.0887240 0.0848384 0.0848234 0.0907140 0.0848384 0.0792357 0.0906956 0.0710528 0.0848384 0.0580537 0.0238678 0.0909890 0.0362478 0.0256479 0.0362478 0.0256479 0.0620167 
PP269799.1|Viet_Nam|NA|NA|Dengue_1|2017-08-22|2017.63835616438                                                       0.0221027 0.0134867 0.0134945 0.0186671 0.0361111 0.0135110 0.0000000 0.3086406 0.3150281 0.0273187 0.0343233 0.0255966 0.0308143 0.0396923 0.0417582 0.0152175 0.0291057 0.0203774 0.0180408 0.0067044 0.0134867 0.0415251 0.0169122 0.0117820 0.0362673 0.0186239 0.0151944 0.0134939 0.0169095 0.0308421 0.0083937 0.0151997 0.0169472 0.0238283 0.0468670 0.0238249 0.0204192 0.0203779 0.0433376 0.0238288 0.0450717 0.0469612 0.0117968 0.3180394 0.0186820 0.0186820 0.0117882 0.0273919 0.0255621 0.0290540 0.0255579 0.0134942 0.0134892 0.0134945 0.0117885 0.0117885 0.0169162 0.0169430 0.0256320 0.0117882 0.0204416 0.0221114 0.0204131 0.0866208 0.3032228 0.3258175 0.3168176 0.0221326 0.0186632 0.0203857 0.0220956 0.0203628 0.2891280 0.2782287 0.3132651 0.0117912 0.3093783 0.0903614 0.0826053 0.1154815 0.3073171 0.0561481 0.0379138 0.0654004 0.0825684 0.0965911 0.0943567 0.0825466 0.3235575 0.0728788 0.0672238 0.0361762 0.0692273 0.0729666 0.0695092 0.0871554 0.0654480 0.0921192 0.0806103 0.0675111 0.0617430 0.0827460 0.2956207 0.0767665 0.3250909 0.0657157 0.0255683 0.0692664 0.2691380 0.3268299 0.2855512 0.3246682 0.0943038 0.0693414 0.0599550 0.0308618 0.3101764 0.2854594 0.1076111 0.2871176 0.0789115 0.2972072 0.0692402 0.2769370 0.0731149 0.0710624 0.0806527 0.3351341 0.0634648 0.0826219 0.3028047 0.0657157 0.0789573 0.0673480 0.0656650 0.0598875 0.0672649 0.0696298 0.0710198 0.0863508 0.0825076 0.0711886 0.0847174 0.0561524 0.0827155 0.2989112 0.0362318 0.0767191 0.0633841 0.0597370 0.3002496 0.2944703 0.2939037 0.0527127 0.3119990 0.0675299 0.0453900 0.0949993 0.0790586 0.0691862 0.0711931 0.0788329 0.2929498 0.0749085 0.0747684 0.0729714 0.3101764 0.3202718 0.0868921 0.0343950 0.3044992 0.3011843 0.2900682 0.2765784 0.0905138 0.0617124 0.0654430 0.0615821 0.0846620 0.0808100 0.0807958 0.0866330 0.0808100 0.0790533 0.0866155 0.0708945 0.0808100 0.0579270 0.0238197 0.0907736 0.0361726 0.0255960 0.0361726 0.0255960 0.0618796 
PP087792.1|Taiwan|Yunlin|NA|Dengue_1|2023-06-15|2023.45205479452                                                     0.3154051 0.3027294 0.3001712 0.3159623 0.3038358 0.3098808 0.3086406 0.0000000 0.1240695 0.2976912 0.3118969 0.3043548 0.3063651 0.2963973 0.2967904 0.3038774 0.2969314 0.3069367 0.3058173 0.2971986 0.2973647 0.3074290 0.2942614 0.2917037 0.3098504 0.3032453 0.3086512 0.3091110 0.3060557 0.2982994 0.2971986 0.3033012 0.3129792 0.3180952 0.3244005 0.3180362 0.3227434 0.3069472 0.3221102 0.3124449 0.3241939 0.3283239 0.3156368 0.1179575 0.3046066 0.3046066 0.3001407 0.3166950 0.3209042 0.3206536 0.3265476 0.3091216 0.3088756 0.3091321 0.3001509 0.3061121 0.3119183 0.3129188 0.3046943 0.3001407 0.3083844 0.3039403 0.3076139 0.3043783 0.1143961 0.1182499 0.3150152 0.3068589 0.3071031 0.3068694 0.3152363 0.3121941 0.2967779 0.2105376 0.3213746 0.3179881 0.0379122 0.3153197 0.3040682 0.2802398 0.3152983 0.2751216 0.3083646 0.2948211 0.3064140 0.3196023 0.3196009 0.2938600 0.2471702 0.2966363 0.3056938 0.3025306 0.2831697 0.2888953 0.2820951 0.3069198 0.2831509 0.2884849 0.3032431 0.3046170 0.2749269 0.2838736 0.2974748 0.3002086 0.1784787 0.2763286 0.3097842 0.2767149 0.0825610 0.1123038 0.0941243 0.1184764 0.2972456 0.3028736 0.2927128 0.3132025 0.1018827 0.0431899 0.3503502 0.1022951 0.2936678 0.1002472 0.2832939 0.2853473 0.2902158 0.2891711 0.3064140 0.1222820 0.2914150 0.2990413 0.0432309 0.2763286 0.3048054 0.2890710 0.2960650 0.2890397 0.2858587 0.2934550 0.2914561 0.3147714 0.3147132 0.3010560 0.3106100 0.2888667 0.3112682 0.3067243 0.3033674 0.2884501 0.2936606 0.2742193 0.2963036 0.2905225 0.2627632 0.2765073 0.1678734 0.2871482 0.2763449 0.3314186 0.3113802 0.2947624 0.2956033 0.2993681 0.2947777 0.3033633 0.2884323 0.3006028 0.1058994 0.2995994 0.3148466 0.3055414 0.2982740 0.1711887 0.2918665 0.0901116 0.2998513 0.2762724 0.2947816 0.2967372 0.3082576 0.3085022 0.3084349 0.3057446 0.3085022 0.3086506 0.3173154 0.2734724 0.3025306 0.2882011 0.3006105 0.3235930 0.2965522 0.2910128 0.2965522 0.2910128 0.2962512 
PP234952.1|Philippines|NA|NA|Dengue_1|2019-07-01|2019.49589041096                                                    0.3218192 0.3150966 0.3125281 0.3162997 0.2929077 0.3162997 0.3150281 0.1240695 0.0000000 0.2927246 0.2953153 0.2992646 0.2953887 0.2857249 0.2976844 0.3102854 0.2948903 0.3133518 0.3206422 0.3035774 0.3037486 0.3022877 0.3065455 0.2980818 0.3029730 0.3040920 0.3094619 0.3155105 0.3124495 0.2966259 0.3035774 0.3096960 0.3194030 0.3245038 0.3073679 0.3244439 0.3230308 0.3077725 0.3051140 0.3188563 0.3071820 0.3111065 0.3099589 0.0083702 0.3170864 0.3170864 0.3124962 0.3170277 0.3273104 0.3332245 0.3329484 0.3155213 0.3152690 0.3095290 0.3065352 0.3125068 0.3067302 0.3193427 0.3115420 0.3124962 0.3209456 0.3107656 0.3201308 0.3172782 0.1020873 0.0360603 0.3431168 0.3072767 0.3191543 0.3102722 0.3216460 0.3185993 0.3093069 0.2121143 0.3372338 0.3243952 0.1285306 0.3160889 0.3104827 0.2819254 0.3310465 0.2761359 0.2915612 0.3016054 0.2954349 0.3172983 0.3086370 0.3229994 0.2570685 0.3093315 0.3010048 0.3063335 0.3075541 0.3015337 0.3037885 0.3047499 0.3075333 0.2923203 0.2927297 0.3058645 0.2990533 0.2964764 0.3128966 0.2952084 0.1846754 0.2978347 0.2983119 0.2976388 0.0671849 0.0343416 0.0746177 0.0486881 0.2981289 0.3100807 0.2995074 0.3107288 0.0254845 0.0998950 0.3418324 0.0785921 0.3060615 0.0804861 0.3076989 0.2972040 0.2942945 0.2959355 0.3013076 0.0414026 0.2923333 0.3114747 0.1200720 0.2978347 0.3056460 0.2958301 0.2973475 0.3016847 0.2925971 0.3062442 0.2982132 0.3099517 0.3094828 0.3078709 0.3207193 0.2956210 0.3069125 0.3223364 0.2983119 0.2779451 0.2773752 0.2809027 0.3235785 0.3175732 0.2822280 0.2890377 0.1671674 0.2939108 0.2745189 0.3206498 0.3182703 0.2956619 0.3024097 0.2917152 0.3101634 0.3014807 0.2893674 0.2955883 0.0289758 0.3146034 0.3217570 0.2946167 0.3071600 0.1704674 0.3071982 0.0745597 0.3070353 0.2772738 0.3075081 0.2976218 0.3039380 0.3041758 0.3096574 0.3014472 0.3041758 0.3155367 0.3069021 0.2744890 0.2982751 0.2949348 0.2897773 0.3305278 0.2974372 0.2861657 0.2974372 0.2861657 0.3030771 
PP269458.1|Viet_Nam|NA|NA|Dengue_1|2011-05-24|2011.39178082192                                                       0.0256011 0.0273232 0.0238448 0.0326666 0.0326232 0.0273742 0.0273187 0.2976912 0.2927246 0.0000000 0.0308450 0.0186822 0.0238534 0.0326331 0.0310620 0.0186701 0.0221518 0.0204012 0.0119779 0.0203721 0.0203721 0.0380074 0.0238443 0.0220925 0.0292182 0.0220941 0.0255701 0.0273385 0.0203687 0.0273742 0.0186442 0.0186482 0.0309045 0.0343750 0.0397317 0.0343700 0.0344809 0.0308664 0.0362282 0.0343758 0.0379544 0.0398103 0.0361824 0.2956363 0.0291557 0.0291557 0.0255880 0.0416345 0.0361392 0.0396967 0.0361331 0.0273391 0.0273286 0.0273398 0.0255886 0.0255886 0.0273299 0.0308969 0.0362398 0.0255880 0.0309650 0.0326341 0.0309210 0.0789449 0.2807061 0.3086020 0.3054826 0.0326666 0.0326593 0.0344225 0.0326105 0.0308433 0.2842647 0.2702596 0.3079038 0.0361646 0.2983847 0.0865523 0.0788378 0.1074555 0.3019995 0.0525586 0.0308725 0.0543397 0.0750098 0.0927335 0.0865935 0.0786661 0.3242171 0.0616929 0.0561390 0.0291457 0.0655762 0.0617660 0.0658416 0.0794831 0.0618153 0.0883706 0.0730765 0.0714019 0.0581255 0.0790258 0.2903885 0.0692774 0.3140642 0.0620666 0.0186618 0.0599819 0.2559780 0.3095288 0.2720890 0.3130036 0.0866077 0.0619190 0.0489645 0.0238898 0.2933874 0.2748499 0.0996560 0.2708815 0.0713761 0.2749087 0.0693735 0.2811593 0.0581901 0.0636391 0.0731148 0.3176789 0.0524493 0.0712351 0.2919376 0.0620666 0.0714185 0.0618044 0.0657473 0.0599618 0.0598874 0.0659550 0.0636004 0.0787560 0.0749542 0.0600023 0.0732708 0.0452480 0.0750902 0.2994650 0.0256714 0.0692344 0.0560652 0.0487894 0.2896335 0.2839397 0.2749863 0.0491232 0.3011171 0.0601228 0.0346302 0.0871773 0.0714592 0.0617830 0.0581417 0.0675053 0.2877327 0.0711842 0.0673115 0.0655250 0.2933874 0.3093826 0.0753758 0.0273848 0.2908795 0.2905152 0.2848722 0.2605481 0.0827913 0.0543902 0.0618107 0.0506041 0.0770117 0.0732056 0.0731928 0.0789559 0.0732056 0.0676911 0.0789401 0.0634894 0.0732056 0.0470049 0.0169343 0.0791896 0.0256304 0.0186818 0.0256304 0.0186818 0.0582534 
PP269473.1|Viet_Nam|NA|NA|Dengue_1|2012-08-07|2012.59726027397                                                       0.0361437 0.0343290 0.0308143 0.0397493 0.0325965 0.0343942 0.0343233 0.3118969 0.2953153 0.0308450 0.0000000 0.0291147 0.0238340 0.0361570 0.0346004 0.0290951 0.0221338 0.0290970 0.0262509 0.0273009 0.0273009 0.0379761 0.0308136 0.0290371 0.0291943 0.0290563 0.0325543 0.0308129 0.0308085 0.0273519 0.0255529 0.0290605 0.0344027 0.0450677 0.0152026 0.0450611 0.0415933 0.0379201 0.0118085 0.0450688 0.0134961 0.0152310 0.0414980 0.2982376 0.0362023 0.0362023 0.0325775 0.0524942 0.0468605 0.0504815 0.0468526 0.0343495 0.0343360 0.0343503 0.0325782 0.0325782 0.0343376 0.0379586 0.0433677 0.0325775 0.0380431 0.0361366 0.0379885 0.0827535 0.2949455 0.3056690 0.3226717 0.0433497 0.0397401 0.0415216 0.0432731 0.0414729 0.2951349 0.2841336 0.3190772 0.0432769 0.3126494 0.0864775 0.0787702 0.1073603 0.3130746 0.0525147 0.0343667 0.0579936 0.0749458 0.0926528 0.0904439 0.0725812 0.3298219 0.0653864 0.0598002 0.0326549 0.0580379 0.0617139 0.0620143 0.0794146 0.0617632 0.0882952 0.0730142 0.0675386 0.0543712 0.0867475 0.3012719 0.0692185 0.3077590 0.0582692 0.0255775 0.0618007 0.2612466 0.3065828 0.2774849 0.3100368 0.0865329 0.0656281 0.0525962 0.0344162 0.2905252 0.2885717 0.1016013 0.2790767 0.0694124 0.2890039 0.0655327 0.2888644 0.0655959 0.0635853 0.0730525 0.3086653 0.0597966 0.0749936 0.3060264 0.0582692 0.0713577 0.0617523 0.0656916 0.0599113 0.0598370 0.0658991 0.0635467 0.0786895 0.0748902 0.0636966 0.0770487 0.0488520 0.0827505 0.3045994 0.0291659 0.0654456 0.0523736 0.0524067 0.3004696 0.2946832 0.2912463 0.0490822 0.2949319 0.0600720 0.0417998 0.0950410 0.0752313 0.0617309 0.0637002 0.0712448 0.2985817 0.0711237 0.0672554 0.0654696 0.2905252 0.3027770 0.0791763 0.0273624 0.3049525 0.2844799 0.2956740 0.2686316 0.0905529 0.0543447 0.0655126 0.0542311 0.0846980 0.0808440 0.0846620 0.0866701 0.0808440 0.0714420 0.0866526 0.0597465 0.0808440 0.0469658 0.0169206 0.0830118 0.0291189 0.0186667 0.0291189 0.0186667 0.0582044 
PP269518.1|Viet_Nam|NA|NA|Dengue_1|2011-07-29|2011.57260273973                                                       0.0238806 0.0221156 0.0221288 0.0274028 0.0308885 0.0256485 0.0255966 0.3043548 0.2992646 0.0186822 0.0291147 0.0000000 0.0221367 0.0380138 0.0328783 0.0169629 0.0204359 0.0186902 0.0140146 0.0186636 0.0186636 0.0362592 0.0221283 0.0203813 0.0274835 0.0203827 0.0238517 0.0221278 0.0186605 0.0256485 0.0169394 0.0169430 0.0291708 0.0326377 0.0415736 0.0326329 0.0327381 0.0291349 0.0344833 0.0326384 0.0362086 0.0380578 0.0344398 0.3022184 0.0274249 0.0274249 0.0238683 0.0434901 0.0343988 0.0379494 0.0343930 0.0256157 0.0256058 0.0256163 0.0238689 0.0238689 0.0221209 0.0256485 0.0344945 0.0238683 0.0292278 0.0308989 0.0291864 0.0848819 0.2871375 0.3097554 0.3151618 0.0344798 0.0309226 0.0326827 0.0308765 0.0291131 0.2877793 0.2764946 0.3116051 0.0344229 0.3050791 0.0847056 0.0808713 0.1096610 0.3056461 0.0544653 0.0273821 0.0562526 0.0751004 0.0948449 0.0886667 0.0787889 0.3218202 0.0636388 0.0580587 0.0239103 0.0675457 0.0637148 0.0659365 0.0815365 0.0637661 0.0904484 0.0731642 0.0695793 0.0600597 0.0810653 0.2939296 0.0693596 0.3178245 0.0621550 0.0169554 0.0638050 0.2592948 0.3106926 0.2755385 0.3141934 0.0886811 0.0582491 0.0508571 0.0221705 0.2944396 0.2811955 0.1018259 0.2771410 0.0733777 0.2812567 0.0713625 0.2823888 0.0600878 0.0655970 0.0732026 0.3188939 0.0543513 0.0732318 0.2985229 0.0621550 0.0734211 0.0600060 0.0677229 0.0619039 0.0618266 0.0641369 0.0655569 0.0807869 0.0769669 0.0600718 0.0733592 0.0471202 0.0751829 0.2972233 0.0274568 0.0712183 0.0579820 0.0506741 0.2989585 0.2931566 0.2868604 0.0510223 0.3047746 0.0620702 0.0364621 0.0872894 0.0715451 0.0637323 0.0600750 0.0694855 0.2912529 0.0731792 0.0692846 0.0674924 0.2944396 0.3130769 0.0754676 0.0256584 0.3032182 0.2940592 0.2883669 0.2723331 0.0828958 0.0563053 0.0637613 0.0524968 0.0771073 0.0732956 0.0732827 0.0790546 0.0732956 0.0677716 0.0790387 0.0654418 0.0694771 0.0452387 0.0152319 0.0792871 0.0274126 0.0169735 0.0274126 0.0169735 0.0601926 
PP269507.1|Viet_Nam|NA|NA|Dengue_1|2011-06-09|2011.43561643836                                                       0.0290909 0.0308195 0.0273226 0.0362017 0.0221034 0.0308775 0.0308143 0.3063651 0.2953887 0.0238534 0.0238340 0.0221367 0.0000000 0.0326319 0.0275189 0.0221222 0.0118126 0.0238637 0.0200961 0.0238294 0.0238294 0.0273697 0.0273220 0.0255577 0.0187209 0.0255597 0.0290554 0.0308369 0.0238254 0.0169426 0.0220913 0.0220961 0.0344298 0.0343533 0.0361561 0.0343483 0.0380309 0.0343868 0.0291341 0.0343541 0.0308489 0.0326688 0.0397344 0.2983119 0.0326724 0.0326724 0.0290759 0.0488696 0.0361163 0.0396715 0.0361102 0.0308376 0.0308256 0.0308383 0.0290766 0.0290766 0.0308270 0.0344213 0.0397978 0.0290759 0.0344976 0.0361652 0.0344483 0.0712696 0.2837060 0.3057460 0.3111469 0.0397811 0.0361934 0.0379659 0.0325899 0.0308239 0.2840209 0.2731735 0.3017468 0.0397148 0.3070951 0.0787860 0.0673823 0.0993151 0.2959090 0.0452440 0.0273357 0.0506619 0.0636313 0.0809566 0.0788229 0.0666950 0.3175001 0.0579698 0.0524524 0.0221422 0.0580867 0.0543353 0.0545959 0.0679243 0.0580838 0.0805925 0.0617416 0.0563378 0.0470749 0.0790283 0.2901395 0.0580197 0.3082416 0.0508992 0.0221124 0.0581189 0.2560728 0.3066605 0.2721986 0.3040882 0.0749904 0.0507809 0.0453133 0.0273745 0.2905974 0.2832104 0.0936078 0.2738064 0.0675727 0.2778727 0.0655889 0.2814495 0.0544420 0.0561833 0.0617726 0.3147874 0.0487876 0.0636710 0.3005345 0.0508992 0.0638335 0.0543692 0.0545196 0.0525479 0.0524840 0.0565484 0.0561495 0.0711017 0.0673484 0.0525834 0.0656655 0.0416270 0.0674691 0.2933953 0.0221751 0.0617080 0.0523838 0.0415403 0.2893862 0.2836990 0.2803378 0.0418219 0.2895805 0.0526895 0.0346292 0.0793486 0.0638685 0.0543507 0.0525859 0.0599849 0.2874865 0.0598863 0.0561067 0.0580427 0.2905974 0.2974321 0.0677228 0.0204045 0.2906198 0.2792316 0.2846294 0.2634221 0.0750654 0.0470524 0.0580795 0.0469558 0.0693639 0.0656076 0.0693355 0.0712795 0.0656076 0.0601484 0.0712653 0.0560526 0.0656076 0.0433769 0.0067089 0.0714875 0.0221399 0.0118116 0.0221399 0.0118116 0.0508434 
PP269513.1|Viet_Nam|NA|NA|Dengue_1|2011-12-23|2011.97534246575                                                       0.0451504 0.0432941 0.0397240 0.0488275 0.0379544 0.0433781 0.0396923 0.2963973 0.2857249 0.0326331 0.0361570 0.0380138 0.0326319 0.0000000 0.0327421 0.0379874 0.0309179 0.0397822 0.0324938 0.0361496 0.0361496 0.0470270 0.0397231 0.0343713 0.0381194 0.0379361 0.0414870 0.0433196 0.0397164 0.0362186 0.0343713 0.0379416 0.0470168 0.0542206 0.0487643 0.0542126 0.0488838 0.0433599 0.0452205 0.0542219 0.0469604 0.0488628 0.0451621 0.2885877 0.0452249 0.0452249 0.0415174 0.0543707 0.0560415 0.0597232 0.0560319 0.0433206 0.0433031 0.0433216 0.0415183 0.0415183 0.0433052 0.0470052 0.0488781 0.0415174 0.0471114 0.0451689 0.0470425 0.0730310 0.2745134 0.2958123 0.3125997 0.0488275 0.0488158 0.0506253 0.0523967 0.0505645 0.2884312 0.2694796 0.3150234 0.0451118 0.2970819 0.0767058 0.0729344 0.1091125 0.3090854 0.0469446 0.0360846 0.0487396 0.0653816 0.0827309 0.0805912 0.0724445 0.3258723 0.0633577 0.0578056 0.0416179 0.0597934 0.0597431 0.0600322 0.0696932 0.0597905 0.0785040 0.0634890 0.0655301 0.0524373 0.0769391 0.2974069 0.0616115 0.2979913 0.0563077 0.0344054 0.0598267 0.2497850 0.2966734 0.2656828 0.3000357 0.0767545 0.0636307 0.0506376 0.0434061 0.2809934 0.2790437 0.0914092 0.2645261 0.0655500 0.2741021 0.0635386 0.3001118 0.0598614 0.0542305 0.0653816 0.3046604 0.0505183 0.0654224 0.2906824 0.0563077 0.0618316 0.0524254 0.0599475 0.0542523 0.0505521 0.0601340 0.0541980 0.0690674 0.0653348 0.0579874 0.0711692 0.0469189 0.0768055 0.3065453 0.0238630 0.0597267 0.0468203 0.0468493 0.2966252 0.2908980 0.2766290 0.0435283 0.2853776 0.0507495 0.0398996 0.0927997 0.0693666 0.0524076 0.0579904 0.0654426 0.2947413 0.0616318 0.0578466 0.0560793 0.2809934 0.3047107 0.0732553 0.0290557 0.2921360 0.2751768 0.2918636 0.2543158 0.0845092 0.0487537 0.0597860 0.0522712 0.0787279 0.0749209 0.0786960 0.0806733 0.0749209 0.0656219 0.0768036 0.0541061 0.0749209 0.0486733 0.0256032 0.0770449 0.0238250 0.0203524 0.0238250 0.0203524 0.0525514 
PP269519.1|Viet_Nam|NA|NA|Dengue_1|2011-11-09|2011.85479452055                                                       0.0400018 0.0417653 0.0381809 0.0454875 0.0364038 0.0400358 0.0417582 0.2967904 0.2976844 0.0310620 0.0346004 0.0328783 0.0275189 0.0327421 0.0000000 0.0328557 0.0258014 0.0346445 0.0306128 0.0345934 0.0345934 0.0418660 0.0381800 0.0363613 0.0329693 0.0363643 0.0399517 0.0399819 0.0328040 0.0310896 0.0328088 0.0310378 0.0436752 0.0472206 0.0472555 0.0472137 0.0473716 0.0454399 0.0400634 0.0472217 0.0418068 0.0436948 0.0509337 0.3006448 0.0436991 0.0436991 0.0381791 0.0584722 0.0490330 0.0526937 0.0490246 0.0399828 0.0399668 0.0417919 0.0381800 0.0381800 0.0417760 0.0436644 0.0473365 0.0381791 0.0455906 0.0472670 0.0455237 0.0754206 0.2730191 0.3081889 0.3133784 0.0491537 0.0454768 0.0472885 0.0454062 0.0435857 0.2917760 0.2750016 0.3158376 0.0472362 0.3034946 0.0791299 0.0733971 0.1038525 0.3098102 0.0454288 0.0345104 0.0472021 0.0657907 0.0852312 0.0791672 0.0689782 0.3297190 0.0544976 0.0471627 0.0364700 0.0583301 0.0545612 0.0585637 0.0701364 0.0564631 0.0809441 0.0638846 0.0640885 0.0509427 0.0793743 0.3009062 0.0638735 0.2987870 0.0548238 0.0328413 0.0546371 0.2523723 0.3091237 0.2685269 0.3126298 0.0791805 0.0584249 0.0418566 0.0382550 0.2928425 0.2795636 0.0900127 0.2633294 0.0678619 0.2672797 0.0639770 0.2858734 0.0546687 0.0527111 0.0657907 0.3142852 0.0489880 0.0639408 0.2969265 0.0548238 0.0641048 0.0545953 0.0584809 0.0527658 0.0527013 0.0586634 0.0563836 0.0714072 0.0676357 0.0528015 0.0659453 0.0381844 0.0715739 0.3012976 0.0222488 0.0543556 0.0489277 0.0417084 0.2913604 0.2913604 0.2793849 0.0419923 0.2859849 0.0529086 0.0311870 0.0816561 0.0641400 0.0545766 0.0528040 0.0602374 0.2981920 0.0638958 0.0600671 0.0582858 0.2928425 0.3083333 0.0680132 0.0239622 0.2897199 0.2756336 0.2952591 0.2623558 0.0792610 0.0472452 0.0583229 0.0435088 0.0734915 0.0696917 0.0734611 0.0754312 0.0696917 0.0604022 0.0754160 0.0562860 0.0696917 0.0399346 0.0205109 0.0717963 0.0222134 0.0152851 0.0222134 0.0152851 0.0510539 
PP269523.1|Viet_Nam|NA|NA|Dengue_1|2012-07-11|2012.52328767123                                                       0.0135213 0.0152200 0.0118069 0.0204286 0.0273485 0.0152476 0.0152175 0.3038774 0.3102854 0.0186701 0.0290951 0.0169629 0.0221222 0.0379874 0.0328557 0.0000000 0.0204225 0.0118167 0.0119859 0.0084065 0.0084065 0.0326754 0.0118066 0.0100981 0.0274650 0.0100988 0.0135052 0.0152282 0.0084051 0.0221418 0.0067145 0.0067158 0.0187008 0.0221248 0.0415444 0.0221217 0.0221912 0.0186785 0.0344596 0.0221253 0.0361836 0.0380313 0.0238841 0.3132857 0.0169825 0.0169825 0.0135144 0.0327403 0.0238565 0.0273433 0.0238525 0.0152285 0.0152228 0.0152289 0.0135147 0.0135147 0.0152235 0.0186962 0.0239215 0.0135144 0.0187368 0.0204092 0.0187107 0.0809729 0.2925568 0.3210076 0.3071783 0.0239111 0.0204243 0.0221545 0.0203946 0.0186647 0.2803037 0.2692266 0.3037079 0.0238725 0.3045981 0.0885513 0.0769973 0.1095638 0.2978714 0.0469502 0.0291210 0.0562110 0.0769633 0.0908580 0.0885938 0.0724543 0.3212703 0.0635906 0.0580155 0.0273970 0.0598008 0.0597505 0.0600397 0.0814704 0.0560896 0.0864528 0.0750215 0.0617832 0.0524436 0.0810001 0.2863910 0.0712072 0.3173170 0.0563147 0.0169444 0.0598341 0.2645113 0.3219993 0.2808675 0.3255792 0.0886082 0.0600717 0.0508201 0.0221559 0.3054312 0.2807793 0.0954270 0.2824534 0.0733201 0.2866285 0.0635466 0.2729417 0.0637939 0.0655469 0.0750611 0.3302914 0.0543114 0.0731745 0.2980610 0.0563147 0.0733635 0.0637061 0.0599549 0.0542589 0.0617800 0.0601415 0.0655070 0.0807222 0.0769060 0.0618991 0.0752220 0.0470863 0.0770462 0.2896096 0.0274383 0.0711630 0.0579390 0.0506373 0.2856567 0.2800252 0.2794952 0.0435334 0.3043012 0.0620232 0.0364367 0.0891932 0.0696279 0.0636840 0.0619025 0.0694317 0.2837612 0.0731219 0.0692311 0.0674406 0.3054312 0.3051930 0.0773406 0.0256412 0.2897206 0.2936167 0.2809323 0.2719396 0.0847782 0.0562636 0.0560854 0.0524585 0.0789756 0.0751548 0.0751416 0.0809282 0.0751548 0.0696236 0.0809119 0.0653920 0.0751548 0.0488475 0.0152222 0.0811689 0.0273942 0.0169625 0.0273942 0.0169625 0.0525578 
PP269534.1|Viet_Nam|NA|NA|Dengue_1|2013-07-22|2013.55342465753                                                       0.0273827 0.0291106 0.0256177 0.0344817 0.0204052 0.0291652 0.0291057 0.2969314 0.2948903 0.0221518 0.0221338 0.0204359 0.0118126 0.0309179 0.0258014 0.0204225 0.0000000 0.0221614 0.0180886 0.0221296 0.0221296 0.0256618 0.0256171 0.0238565 0.0101202 0.0238582 0.0273493 0.0291270 0.0221259 0.0152498 0.0203941 0.0203984 0.0327120 0.0326395 0.0344384 0.0326348 0.0363064 0.0326713 0.0274232 0.0326402 0.0291383 0.0309527 0.0380114 0.2978054 0.0309562 0.0309562 0.0273686 0.0471302 0.0344007 0.0379514 0.0343949 0.0291277 0.0291163 0.0291283 0.0273692 0.0273692 0.0291177 0.0327039 0.0380720 0.0273686 0.0327763 0.0344471 0.0327296 0.0733188 0.2803597 0.3022464 0.3211978 0.0380560 0.0344739 0.0362445 0.0308782 0.0291148 0.2935773 0.2768242 0.3115865 0.0379927 0.3035667 0.0808746 0.0694065 0.0974943 0.3056287 0.0471486 0.0256300 0.0489214 0.0656347 0.0830644 0.0809127 0.0688081 0.3201017 0.0525289 0.0470550 0.0135042 0.0600611 0.0562871 0.0565587 0.0699676 0.0600582 0.0826871 0.0637337 0.0583061 0.0489900 0.0772453 0.2997420 0.0599913 0.3047644 0.0528415 0.0204135 0.0600946 0.2529266 0.3031406 0.2689398 0.3065621 0.0770580 0.0527180 0.0399551 0.0256663 0.2872218 0.2798740 0.0958125 0.2705527 0.0696039 0.2745717 0.0676061 0.2897754 0.0526929 0.0581452 0.0637660 0.3112140 0.0507074 0.0656759 0.2970663 0.0528415 0.0658442 0.0563223 0.0564791 0.0544920 0.0544252 0.0604049 0.0581101 0.0731450 0.0693715 0.0545289 0.0676851 0.0363068 0.0694965 0.3030761 0.0204713 0.0636991 0.0506448 0.0398143 0.2989426 0.2931420 0.2839994 0.0437167 0.2862311 0.0546390 0.0329013 0.0814550 0.0658808 0.0563030 0.0545316 0.0619711 0.2970437 0.0618684 0.0580654 0.0600152 0.2872218 0.3071289 0.0697591 0.0187059 0.2944074 0.2759756 0.2941289 0.2602342 0.0771357 0.0489663 0.0600536 0.0416048 0.0714020 0.0676252 0.0713727 0.0733290 0.0676252 0.0621408 0.0733144 0.0580093 0.0676252 0.0380494 0.0050321 0.0735443 0.0204388 0.0101251 0.0204388 0.0101251 0.0527833 
PP269551.1|Viet_Nam|NA|NA|Dengue_1|2013-01-08|2013.01917808219                                                       0.0186719 0.0203808 0.0169394 0.0256473 0.0291067 0.0204182 0.0203774 0.3069367 0.3133518 0.0204012 0.0290970 0.0186902 0.0238637 0.0397822 0.0346445 0.0118167 0.0221614 0.0000000 0.0119893 0.0135079 0.0135079 0.0344537 0.0169391 0.0152120 0.0292312 0.0152130 0.0186495 0.0186627 0.0135057 0.0238850 0.0118005 0.0118029 0.0239047 0.0273490 0.0415473 0.0273450 0.0274320 0.0238757 0.0344619 0.0273496 0.0361860 0.0380339 0.0255497 0.3163689 0.0187012 0.0187012 0.0186623 0.0380784 0.0290947 0.0326121 0.0290899 0.0203924 0.0203847 0.0203929 0.0186627 0.0186627 0.0203856 0.0238987 0.0291748 0.0186623 0.0204626 0.0238757 0.0204341 0.0867780 0.2955599 0.3241531 0.3177354 0.0291622 0.0256417 0.0273862 0.0256039 0.0238580 0.2902939 0.2789821 0.3141650 0.0291147 0.3076708 0.0865971 0.0827539 0.1095747 0.3081896 0.0525834 0.0308861 0.0580701 0.0788971 0.0967700 0.0905699 0.0787082 0.3245629 0.0654737 0.0598793 0.0291585 0.0600178 0.0618361 0.0658742 0.0834360 0.0581492 0.0884165 0.0769474 0.0676294 0.0581534 0.0829529 0.2964410 0.0731194 0.3113847 0.0620970 0.0169454 0.0619233 0.2673679 0.3251617 0.2838061 0.3287688 0.0905845 0.0619492 0.0526652 0.0239001 0.3084837 0.2837154 0.1037889 0.2853845 0.0712020 0.2895980 0.0675116 0.2770224 0.0656838 0.0674392 0.0769884 0.3303651 0.0561620 0.0750955 0.3010902 0.0620970 0.0752899 0.0655930 0.0657797 0.0599907 0.0636584 0.0659878 0.0673980 0.0826673 0.0788381 0.0637816 0.0771539 0.0489156 0.0789823 0.2997470 0.0292027 0.0730741 0.0598000 0.0524751 0.2956579 0.2898981 0.2893406 0.0491463 0.2984677 0.0639093 0.0382377 0.0911845 0.0753339 0.0655700 0.0637852 0.0713411 0.2937591 0.0750413 0.0711340 0.0693399 0.3084837 0.3126507 0.0792851 0.0273968 0.2998687 0.2879136 0.2908651 0.2748246 0.0828339 0.0581247 0.0618406 0.0543021 0.0809189 0.0770848 0.0770713 0.0828791 0.0770848 0.0715389 0.0828624 0.0672794 0.0770848 0.0506804 0.0169415 0.0831266 0.0291555 0.0186898 0.0291555 0.0186898 0.0582816 
PP269557.1|Viet_Nam|NA|NA|Dengue_1|2013-10-11|2013.77534246575                                                       0.0160248 0.0180443 0.0160200 0.0242124 0.0200910 0.0201307 0.0180408 0.3058173 0.3206422 0.0119779 0.0262509 0.0140146 0.0200961 0.0324938 0.0306128 0.0119859 0.0180886 0.0119893 0.0000000 0.0119694 0.0139874 0.0304700 0.0160160 0.0139812 0.0263941 0.0139789 0.0160129 0.0201000 0.0119642 0.0221714 0.0099557 0.0099557 0.0242567 0.0283353 0.0345948 0.0242006 0.0284373 0.0201126 0.0325644 0.0283360 0.0325105 0.0367781 0.0262974 0.3175352 0.0201497 0.0201497 0.0180554 0.0410836 0.0304041 0.0345763 0.0303981 0.0201006 0.0200916 0.0201011 0.0180559 0.0180559 0.0200927 0.0221526 0.0284218 0.0180554 0.0222437 0.0242275 0.0222069 0.0876698 0.3059996 0.3299909 0.3048085 0.0304879 0.0221520 0.0283810 0.0242006 0.0242006 0.2731110 0.2825878 0.3110893 0.0283460 0.3170333 0.0897750 0.0829110 0.1099824 0.3040457 0.0495615 0.0241800 0.0560159 0.0783547 0.0971406 0.0875081 0.0805067 0.2960174 0.0537700 0.0516236 0.0242456 0.0693624 0.0648281 0.0674448 0.0860465 0.0648899 0.0873135 0.0760552 0.0649668 0.0605100 0.0740469 0.2933979 0.0715439 0.3130108 0.0629706 0.0119743 0.0626094 0.2679975 0.3227383 0.2881564 0.3267574 0.0898863 0.0539834 0.0475026 0.0180516 0.3112262 0.2847840 0.0980834 0.2902012 0.0717431 0.2952820 0.0716276 0.2782385 0.0627570 0.0648590 0.0738360 0.3412174 0.0537746 0.0693490 0.3019446 0.0629706 0.0695780 0.0604744 0.0627932 0.0582893 0.0582160 0.0675828 0.0625943 0.0782385 0.0737527 0.0561665 0.0650771 0.0431261 0.0716138 0.2972930 0.0242518 0.0692485 0.0537219 0.0472889 0.2893394 0.2794148 0.2949573 0.0498438 0.3079518 0.0584865 0.0326679 0.0834999 0.0674126 0.0648491 0.0539959 0.0649402 0.2902345 0.0715517 0.0669952 0.0648667 0.3148281 0.3030019 0.0720120 0.0221475 0.3144083 0.2951237 0.2868273 0.2708544 0.0784050 0.0560778 0.0604512 0.0430273 0.0738702 0.0694003 0.0693860 0.0761540 0.0694003 0.0629859 0.0739063 0.0624671 0.0694003 0.0430585 0.0119714 0.0740530 0.0221469 0.0119717 0.0221469 0.0119717 0.0561633 
