192
PP269982.1|Viet_Nam|NA|NA|Dengue_4|2011-12-16|2011.95616438356                 0.0000000 0.0519683 0.0737915 0.0581682 0.0593328 0.0561465 0.0503903 0.0592257 0.0540051 0.0560323 0.0642133 0.0621662 0.0560841 0.0540051 0.0601084 0.0531853 0.0622628 0.0663223 0.0797226 0.2845836 0.0809419 0.1049514 0.0851805 0.0809419 0.1207382 0.0962269 0.0745006 0.3120758 0.3153404 0.0810417 0.2941109 0.0851805 0.0705294 0.0621183 0.0705294 0.1181968 0.0747140 0.0705158 0.0745748 0.0704099 0.0600762 0.0600762 0.0704099 0.0662670 0.0662670 0.0600762 0.0704248 0.0745404 0.0683232 0.0600762 0.0683169 0.0684552 0.0745748 0.0683232 0.2925929 0.2862669 0.0664710 0.0499550 0.0539816 0.2220135 0.0580357 0.0704317 0.0663330 0.3036078 0.2958368 0.0560358 0.2927164 0.2997378 0.2180323 0.0875035 0.2115897 0.2303950 0.1253334 0.1184108 0.1322120 0.1230426 0.0663158 0.0810804 0.0981194 0.1028555 0.0981194 0.2868422 0.2868297 0.0894894 0.0830652 0.1139688 0.0788132 0.2492911 0.3065847 0.0725425 0.1141084 0.1184338 0.1117113 0.1050336 0.1181394 0.1158820 0.2807442 0.0982391 0.1049347 0.3124827 0.2984397 0.3131375 0.1070348 0.2640472 0.1138493 0.2328890 0.0623389 0.0643078 0.0580357 0.0799949 0.0600833 0.0662153 0.0684162 0.0664665 0.0600833 0.0621387 0.0580357 0.2904359 0.1026258 0.1114652 0.2227459 0.2927319 0.2115129 0.2456940 0.2971226 0.0641537 0.0601155 0.1165016 0.1139684 0.0539939 0.0539766 0.2630640 0.0625824 0.2913398 0.2838576 0.2983203 0.0073787 0.2931489 0.0073785 0.0621167 0.2470208 0.1070710 0.3111467 0.2233737 0.2940245 0.2356252 0.2740831 0.2801853 0.1048444 0.0539925 0.0981315 0.0623291 0.2940138 0.2290366 0.0341490 0.1026610 0.1071610 0.0744366 0.0756130 0.1093893 0.0092351 0.0519623 0.2799969 0.2619882 0.1028136 0.0519683 0.0709506 0.0622480 0.1143398 0.0665730 0.0606491 0.2858085 0.0539876 0.0360897 0.0642958 0.0401241 0.0341532 0.0686975 0.0459665 0.0073909 0.2464545 0.0500498 0.2682200 0.2763905 0.0499417 0.0479691 0.2747547 0.2825739 0.2778440 0.3001492 0.2283783 0.2142469 
PP269983.1|Viet_Nam|NA|NA|Dengue_4|2011-12-29|2011.99178082192                 0.0519683 0.0000000 0.0235024 0.0181442 0.0234760 0.0164751 0.0199547 0.0216053 0.0181199 0.0164469 0.0231640 0.0131388 0.0164604 0.0198130 0.0197943 0.0184758 0.0215051 0.0265602 0.0285534 0.2711262 0.0282797 0.0895772 0.0316963 0.0282797 0.1108798 0.0877386 0.0265507 0.2874542 0.2902064 0.0282967 0.2721239 0.0316963 0.0164811 0.0214650 0.0164811 0.1028852 0.0181590 0.0248948 0.0214835 0.0147935 0.0231539 0.0231539 0.0147935 0.0214869 0.0214869 0.0265338 0.0198125 0.0214831 0.0231704 0.0265338 0.0231686 0.0232061 0.0214835 0.0231704 0.2784248 0.2746872 0.0249127 0.0131166 0.0147754 0.2033350 0.0048870 0.0147969 0.0248701 0.2858465 0.2764071 0.0197874 0.2790404 0.2794840 0.2021514 0.0764026 0.2011848 0.2799975 0.1269192 0.1148078 0.1288604 0.1070083 0.0198281 0.0708476 0.0837135 0.0972749 0.0856284 0.2661402 0.2686193 0.0726168 0.0671105 0.1031148 0.0634631 0.2302597 0.2876228 0.0215055 0.1070832 0.1147521 0.1188436 0.1010914 0.1047562 0.1009042 0.2580691 0.0994118 0.1029182 0.2954364 0.2869304 0.2940478 0.1028491 0.2585239 0.1087993 0.2032643 0.0283614 0.0231898 0.0214684 0.0390406 0.0197878 0.0248347 0.0300235 0.0249113 0.0232173 0.0214705 0.0214684 0.2696372 0.0933063 0.1048032 0.1851406 0.2762807 0.1919831 0.2282836 0.2821988 0.0231449 0.0197963 0.1153125 0.1147767 0.0231758 0.0016243 0.2550836 0.0215990 0.2693725 0.2640200 0.2784299 0.0528472 0.2790991 0.0510568 0.0214646 0.2292067 0.0895363 0.2914052 0.2066641 0.2765318 0.2146378 0.2626608 0.2699127 0.1009626 0.0147777 0.0875353 0.0098409 0.2795200 0.2139193 0.0301059 0.0933338 0.0914750 0.0543583 0.0801165 0.1010856 0.0528226 0.0065270 0.2577212 0.2471513 0.0858387 0.0000010 0.0388756 0.0181470 0.0937007 0.0182074 0.0165737 0.2779872 0.0016245 0.0214743 0.0474278 0.0249359 0.0316697 0.0300855 0.0164589 0.0404225 0.2144102 0.0215116 0.2500792 0.2571527 0.0334011 0.0181237 0.2560966 0.2624386 0.2639799 0.2820841 0.2038576 0.1784759 
PP269994.1|Viet_Nam|NA|NA|Dengue_4|2015-09-07|2015.68219178082                 0.0737915 0.0235024 0.0000000 0.0175876 0.0239314 0.0156123 0.0279297 0.0238912 0.0195474 0.0175598 0.0235166 0.0356771 0.0175597 0.0215608 0.0215367 0.0218841 0.0235749 0.0057946 0.0507232 0.2720507 0.0459992 0.1100642 0.0501711 0.0459992 0.1335859 0.1075972 0.0500813 0.3125470 0.3159562 0.0480766 0.2907909 0.0501711 0.0356368 0.0195374 0.0356368 0.1261209 0.0376776 0.0418818 0.0438549 0.0376850 0.0235270 0.0235270 0.0376850 0.0397482 0.0397482 0.0275380 0.0418108 0.0417811 0.0418024 0.0275380 0.0417985 0.0418818 0.0438549 0.0418024 0.2875299 0.2738400 0.0077581 0.0215118 0.0155750 0.2242494 0.0275166 0.0377005 0.0195587 0.3086883 0.3007588 0.0215277 0.2974142 0.3037572 0.2229502 0.0939224 0.2159489 0.3220236 0.1386145 0.1357050 0.1361123 0.1312603 0.0397845 0.0893908 0.0981821 0.1169193 0.1097718 0.2849819 0.2879941 0.0937696 0.0847809 0.1143783 0.0825454 0.2560760 0.2988149 0.0397862 0.1289906 0.1359747 0.1336800 0.1192821 0.1283992 0.1236726 0.2811253 0.1243793 0.1215462 0.3173864 0.3126298 0.3221865 0.1189594 0.2846044 0.1239382 0.2099720 0.0297158 0.0235702 0.0215282 0.0255779 0.0195374 0.0235227 0.0275945 0.0276338 0.0236033 0.0215307 0.0215282 0.2863409 0.1097387 0.1213361 0.2021378 0.3034804 0.2076434 0.2390152 0.3043654 0.0235161 0.0215392 0.1364350 0.1310008 0.0377005 0.0255012 0.2702699 0.0236973 0.2922212 0.2913854 0.3095912 0.0696873 0.3038448 0.0696541 0.0195370 0.2337434 0.1074489 0.3159999 0.2187977 0.2970649 0.2279321 0.2870115 0.2955584 0.1214193 0.0155778 0.1028206 0.0336836 0.3043654 0.2217583 0.0525188 0.1120805 0.1100382 0.0670457 0.1013659 0.1242143 0.0696473 0.0255060 0.2745893 0.2618115 0.1101075 0.0235024 0.0337957 0.0295330 0.1152171 0.0378706 0.0298121 0.3023872 0.0255060 0.0335905 0.0587248 0.0378020 0.0459438 0.0235915 0.0295567 0.0566424 0.2200038 0.0295413 0.2712995 0.2801889 0.0459617 0.0275283 0.2695686 0.2803647 0.2731150 0.3044018 0.2107174 0.1910075 
PP269989.1|Viet_Nam|NA|NA|Dengue_4|2012-12-10|2012.9397260274                  0.0581682 0.0181442 0.0175876 0.0000000 0.0180280 0.0115144 0.0065804 0.0161767 0.0065392 0.0081859 0.0114939 0.0317376 0.0049008 0.0081923 0.0114938 0.0066555 0.0131729 0.0215466 0.0442951 0.2748377 0.0438894 0.0993088 0.0474020 0.0438894 0.1210094 0.0974413 0.0420733 0.2914825 0.2942624 0.0474200 0.2813661 0.0474020 0.0352059 0.0098318 0.0352059 0.1128479 0.0369444 0.0404170 0.0403470 0.0334378 0.0114889 0.0114889 0.0334378 0.0368932 0.0368932 0.0148115 0.0386286 0.0403461 0.0386221 0.0148115 0.0386190 0.0386838 0.0403470 0.0386221 0.2815912 0.2784412 0.0198990 0.0148085 0.0065369 0.2153887 0.0231916 0.0334459 0.0198652 0.3025575 0.2929358 0.0148175 0.2956422 0.2961288 0.2142543 0.0821122 0.2132037 0.2944018 0.1373603 0.1250072 0.1393308 0.1170708 0.0351877 0.0764942 0.0933147 0.1071527 0.0952686 0.2824047 0.2849422 0.0820273 0.0764229 0.1131059 0.0690216 0.2462141 0.2940082 0.0403887 0.1171525 0.1249450 0.1291264 0.1110347 0.1147459 0.1108251 0.2740926 0.1093531 0.1128831 0.3019188 0.3037451 0.3005433 0.1128064 0.2695340 0.1188770 0.2198962 0.0165542 0.0115064 0.0098333 0.0269416 0.0081824 0.0131445 0.0182063 0.0131842 0.0115197 0.0098342 0.0098333 0.2860613 0.1030970 0.1147980 0.2014941 0.2979941 0.2038007 0.2459727 0.2885076 0.0114846 0.0114949 0.1255671 0.1249718 0.0317311 0.0198198 0.2607494 0.0182718 0.2832866 0.2853914 0.2949679 0.0583393 0.2957110 0.0565275 0.0164857 0.2470008 0.0992613 0.2978685 0.2237089 0.2824580 0.2319923 0.2734294 0.2812071 0.1108908 0.0065379 0.0972125 0.0249459 0.2857912 0.2311933 0.0423242 0.1031283 0.1012406 0.0634277 0.0860608 0.1110292 0.0583117 0.0215066 0.2737100 0.2628234 0.0955077 0.0181442 0.0337512 0.0266278 0.1035419 0.0335728 0.0250813 0.2944891 0.0198229 0.0265937 0.0564086 0.0283920 0.0369010 0.0250318 0.0249048 0.0457668 0.2315178 0.0266405 0.2658623 0.2730792 0.0386536 0.0198325 0.2721056 0.2785243 0.2751185 0.2883878 0.2205605 0.1944270 
PP270000.1|Viet_Nam|NA|NA|Dengue_4|2015-10-20|2015.8                           0.0593328 0.0234760 0.0239314 0.0180280 0.0000000 0.0053332 0.0177454 0.0198207 0.0180017 0.0161738 0.0234947 0.0384205 0.0161729 0.0180158 0.0161720 0.0202561 0.0217021 0.0235295 0.0543628 0.2730246 0.0499323 0.1047107 0.0538004 0.0499323 0.1244042 0.0986143 0.0517870 0.2909028 0.2939613 0.0538230 0.2768134 0.0538004 0.0403817 0.0216579 0.0403817 0.1154577 0.0441988 0.0441920 0.0479372 0.0403198 0.0235047 0.0235047 0.0403198 0.0403233 0.0403233 0.0253538 0.0441397 0.0441057 0.0422180 0.0253538 0.0422143 0.0422920 0.0479372 0.0422180 0.2866947 0.2747824 0.0235749 0.0198106 0.0143482 0.2392542 0.0290290 0.0403308 0.0143193 0.2973214 0.2866756 0.0125340 0.2866443 0.2873566 0.2354163 0.0881169 0.2315612 0.2327389 0.1400990 0.1244278 0.1377490 0.1200895 0.0441762 0.0819267 0.0921030 0.1071215 0.1004336 0.2780672 0.2780556 0.0879665 0.0817974 0.1135773 0.0777128 0.2530474 0.2940516 0.0460793 0.1201809 0.1243722 0.1288953 0.1113555 0.1175334 0.1132424 0.2664355 0.1094713 0.1133718 0.3023608 0.3043258 0.2998751 0.1132492 0.2642292 0.1199156 0.2388798 0.0292059 0.0216639 0.0216616 0.0370716 0.0198245 0.0253429 0.0310244 0.0254282 0.0198245 0.0216639 0.0216616 0.2821805 0.1047922 0.1154217 0.2238738 0.2893291 0.2261655 0.2547745 0.2876876 0.0234946 0.0198338 0.1272239 0.1244130 0.0365465 0.0253183 0.2547251 0.0236575 0.2763136 0.2786814 0.2919078 0.0658796 0.2955333 0.0638784 0.0216574 0.2587509 0.1048333 0.2918352 0.2355829 0.2782774 0.2448725 0.2713581 0.2739200 0.1133158 0.0143506 0.0983386 0.0328620 0.2847202 0.2384365 0.0462295 0.1048271 0.1068317 0.0674916 0.0722756 0.1154084 0.0658451 0.0234735 0.2715445 0.2598017 0.1005409 0.0234760 0.0349974 0.0309579 0.1093829 0.0404991 0.0311617 0.2913911 0.0253227 0.0309029 0.0637486 0.0366773 0.0422280 0.0273429 0.0290512 0.0520041 0.2493998 0.0309626 0.2602683 0.2681158 0.0460793 0.0271901 0.2607605 0.2740238 0.2610838 0.2875572 0.2396960 0.2104666 
PP269991.1|Viet_Nam|NA|NA|Dengue_4|2013-06-12|2013.44383561644                 0.0561465 0.0164751 0.0156123 0.0115144 0.0053332 0.0000000 0.0155145 0.0143603 0.0114991 0.0098409 0.0164990 0.0300293 0.0098489 0.0131720 0.0098400 0.0134165 0.0148470 0.0181827 0.0460863 0.2640948 0.0421480 0.0974020 0.0456510 0.0421480 0.1190356 0.0955393 0.0438386 0.2828907 0.2856377 0.0456683 0.2701610 0.0456510 0.0334883 0.0148197 0.0334883 0.1109027 0.0352216 0.0386851 0.0386173 0.0317272 0.0164931 0.0164931 0.0317272 0.0351731 0.0351731 0.0198458 0.0369037 0.0386165 0.0368975 0.0198458 0.0368946 0.0369561 0.0386173 0.0368975 0.2817299 0.2676177 0.0165378 0.0131474 0.0081857 0.2130931 0.0215093 0.0317349 0.0081707 0.2891230 0.2821695 0.0098366 0.2848303 0.2852890 0.2119474 0.0840263 0.2109135 0.2917039 0.1332759 0.1230219 0.1352365 0.1151081 0.0369319 0.0783873 0.0895273 0.1052212 0.0933778 0.2718025 0.2743039 0.0801751 0.0745872 0.1091796 0.0708853 0.2436655 0.2831784 0.0386581 0.1151885 0.1229610 0.1250978 0.1090923 0.1127964 0.1088871 0.2636410 0.1074101 0.1109375 0.2937063 0.2928011 0.2923077 0.1088933 0.2591329 0.1169123 0.2175879 0.0216274 0.0165184 0.0148219 0.0321571 0.0131557 0.0181623 0.0232867 0.0182176 0.0165377 0.0148234 0.0148219 0.2753570 0.1011805 0.1108717 0.1992166 0.2871599 0.2015440 0.2359681 0.2804552 0.0164868 0.0131612 0.1235712 0.1229873 0.0300244 0.0181465 0.2556793 0.0165907 0.2725784 0.2747263 0.2841974 0.0565505 0.2848925 0.0547442 0.0148194 0.2394488 0.0973558 0.2896616 0.2164680 0.2772006 0.2246220 0.2682655 0.2705629 0.1089513 0.0081869 0.0933980 0.0266589 0.2777746 0.2214174 0.0405801 0.1012111 0.0993281 0.0598286 0.0841482 0.1090868 0.0565239 0.0164735 0.2632809 0.2525929 0.0936113 0.0164751 0.0285619 0.0249333 0.1016156 0.0318548 0.0233803 0.2837419 0.0181493 0.0249015 0.0546286 0.0284029 0.0351804 0.0199388 0.0232165 0.0440162 0.2291458 0.0249451 0.2555614 0.2626907 0.0369275 0.0215253 0.2616616 0.2680359 0.2646079 0.2803415 0.2182421 0.1922051 
PP269998.1|Viet_Nam|NA|NA|Dengue_4|2015-07-15|2015.53424657534                 0.0503903 0.0199547 0.0279297 0.0065804 0.0177454 0.0155145 0.0000000 0.0154692 0.0000022 0.0110119 0.0132261 0.0336306 0.0065805 0.0000022 0.0132403 0.0021837 0.0155049 0.0268243 0.0507663 0.2551320 0.0453664 0.0892570 0.0500965 0.0453664 0.1021862 0.0845003 0.0476690 0.2460867 0.2460867 0.0501464 0.2482422 0.0500965 0.0383787 0.0110035 0.0383787 0.0918763 0.0430691 0.0382979 0.0453182 0.0383065 0.0132328 0.0132328 0.0383065 0.0359841 0.0359841 0.0132328 0.0359841 0.0429575 0.0383020 0.0132328 0.0382979 0.0359841 0.0453182 0.0383020 0.2579374 0.2608684 0.0268885 0.0110069 0.0087883 0.2134153 0.0267600 0.0383192 0.0268265 0.2745113 0.2651390 0.0132368 0.2686032 0.2651041 0.2143453 0.0718896 0.2075228 0.2112018 0.1290718 0.1076609 0.1344906 0.0998823 0.0383504 0.0645147 0.0892294 0.0921771 0.0892294 0.2582834 0.2547494 0.0792000 0.0717532 0.1050953 0.0619566 0.2127648 0.2807283 0.0406728 0.1052349 0.1049810 0.1209756 0.0998131 0.0918270 0.0893274 0.2513861 0.0948774 0.0997036 0.2662090 0.2858350 0.2633074 0.0970474 0.2421177 0.1101484 0.2227654 0.0132569 0.0110072 0.0110057 0.0295503 0.0087874 0.0154598 0.0177398 0.0155227 0.0087874 0.0110072 0.0110057 0.2554736 0.0945013 0.1047734 0.1924898 0.2716711 0.2074352 0.2582116 0.2492272 0.0132261 0.0110119 0.1080114 0.1076316 0.0290659 0.0222113 0.2318842 0.0247043 0.2562923 0.2582120 0.2669864 0.0527927 0.2618589 0.0503903 0.0222300 0.2599027 0.1022919 0.2598925 0.2346762 0.2451452 0.2460232 0.2402212 0.2500562 0.1021977 0.0087900 0.0867312 0.0314604 0.2532495 0.2447786 0.0431975 0.0919751 0.0918302 0.0668091 0.0622440 0.0995151 0.0551766 0.0222160 0.2439936 0.2336430 0.0893304 0.0199547 0.0316115 0.0245367 0.1025758 0.0385158 0.0177397 0.2708526 0.0199547 0.0267700 0.0597502 0.0291511 0.0336800 0.0315764 0.0245039 0.0431711 0.2451207 0.0222756 0.2373437 0.2500451 0.0429430 0.0154666 0.2378689 0.2536130 0.2481016 0.2591928 0.2173054 0.1950884 
PP270002.1|Viet_Nam|NA|NA|Dengue_4|2013-03-09|2013.18356164384                 0.0592257 0.0216053 0.0238912 0.0161767 0.0198207 0.0143603 0.0154692 0.0000000 0.0161532 0.0143340 0.0216223 0.0364786 0.0143332 0.0161659 0.0179749 0.0164956 0.0198338 0.0234966 0.0523212 0.2777149 0.0479323 0.0939974 0.0517815 0.0479323 0.1176135 0.0921594 0.0497809 0.2990769 0.3021521 0.0518031 0.2879752 0.0517815 0.0346498 0.0197937 0.0346498 0.1087981 0.0422256 0.0422190 0.0459499 0.0383685 0.0216315 0.0216315 0.0383685 0.0383719 0.0383719 0.0234719 0.0421693 0.0421370 0.0402577 0.0234719 0.0402542 0.0403278 0.0459499 0.0402577 0.2856497 0.2794138 0.0235419 0.0179560 0.0125175 0.2254481 0.0271325 0.0383789 0.0234981 0.2962245 0.2856375 0.0143294 0.2856065 0.2863117 0.2216115 0.0817974 0.2179244 0.2190014 0.1353297 0.1176365 0.1330067 0.1133523 0.0422041 0.0756860 0.0918937 0.1005548 0.0939733 0.2712584 0.2770666 0.0816601 0.0755683 0.1090662 0.0715352 0.2548327 0.2957936 0.0440984 0.1134385 0.1175849 0.1242372 0.1047374 0.1108521 0.1066153 0.2655117 0.1071414 0.1067361 0.3100727 0.3031822 0.3075857 0.1087553 0.2745767 0.1131916 0.2356973 0.0272968 0.0197991 0.0197970 0.0351073 0.0179684 0.0234618 0.0291102 0.0235404 0.0179684 0.0197991 0.0197970 0.2867738 0.1024981 0.1109066 0.2102462 0.2882766 0.2126697 0.2595624 0.2953145 0.0216223 0.0179768 0.1203640 0.1176233 0.0346128 0.0234393 0.2764610 0.0180920 0.2753253 0.2776863 0.2908418 0.0637900 0.2887982 0.0578501 0.0161494 0.2607344 0.1025383 0.3056591 0.2375689 0.2947628 0.2413054 0.2758915 0.2785069 0.1066834 0.0125195 0.0939844 0.0309414 0.2923267 0.2431637 0.0442413 0.0982998 0.1002866 0.0673887 0.0701413 0.1087523 0.0637567 0.0252872 0.2705949 0.2700322 0.0940720 0.0216053 0.0368519 0.0290482 0.1027793 0.0385383 0.0292385 0.2903297 0.0234433 0.0289969 0.0616746 0.0347361 0.0364826 0.0291756 0.0271531 0.0499884 0.2461034 0.0290526 0.2593799 0.2726353 0.0440984 0.0253009 0.2595865 0.2730619 0.2656188 0.2951784 0.2311511 0.2074869 
PP270016.1|Viet_Nam|NA|NA|Dengue_4|2015-01-15|2015.03835616438                 0.0540051 0.0181199 0.0195474 0.0065392 0.0180017 0.0114991 0.0000022 0.0161532 0.0000000 0.0081751 0.0114787 0.0316942 0.0048944 0.0016266 0.0114786 0.0016564 0.0131554 0.0215176 0.0442326 0.2633871 0.0420741 0.0991551 0.0455705 0.0420741 0.1208146 0.0972910 0.0420148 0.2792311 0.2819557 0.0455877 0.2694059 0.0455705 0.0351573 0.0098188 0.0351573 0.1126692 0.0368932 0.0403618 0.0402910 0.0333918 0.0114737 0.0114737 0.0333918 0.0368432 0.0368432 0.0147918 0.0385761 0.0402901 0.0385696 0.0147918 0.0385665 0.0386300 0.0402910 0.0385696 0.2754893 0.2668949 0.0198722 0.0147888 0.0065284 0.2149744 0.0231603 0.0334000 0.0198385 0.2908857 0.2814095 0.0147978 0.2840597 0.2845151 0.2138405 0.0819891 0.2127949 0.2937176 0.1330033 0.1248045 0.1390989 0.1168835 0.0351392 0.0763807 0.0931722 0.1069844 0.0951225 0.2710826 0.2735747 0.0819045 0.0763096 0.1129262 0.0689206 0.2404124 0.2824104 0.0385907 0.1169650 0.1207066 0.1289153 0.1108591 0.1145637 0.1106503 0.2682008 0.1091802 0.1127043 0.2901735 0.2919982 0.2887698 0.1126278 0.2584608 0.1186865 0.2194703 0.0165320 0.0114912 0.0098203 0.0269045 0.0081717 0.0131271 0.0181818 0.0131666 0.0115045 0.0098212 0.0098203 0.2746205 0.1029365 0.1146156 0.2011115 0.2863810 0.2034167 0.2404001 0.2770293 0.0114694 0.0114797 0.1253624 0.1247693 0.0316876 0.0197932 0.2498941 0.0182472 0.2772265 0.2739942 0.2834314 0.0546526 0.2841212 0.0528558 0.0164637 0.2413924 0.0991078 0.2861438 0.2183852 0.2711341 0.2265541 0.2623346 0.2698431 0.1107157 0.0065293 0.0970629 0.0283210 0.2743711 0.2257823 0.0422649 0.1029677 0.1010833 0.0633360 0.0859275 0.1108537 0.0546270 0.0214776 0.2625958 0.2519489 0.0953608 0.0181199 0.0337044 0.0265916 0.1033798 0.0335265 0.0250471 0.2829789 0.0197963 0.0265576 0.0563278 0.0300692 0.0368510 0.0249977 0.0248711 0.0421831 0.2310555 0.0266042 0.2549051 0.2620098 0.0386010 0.0198059 0.2609799 0.2673340 0.2639139 0.2769184 0.2201314 0.1940673 
PP270021.1|Viet_Nam|NA|NA|Dengue_4|2014-11-25|2014.89863013699                 0.0560323 0.0164469 0.0175598 0.0081859 0.0161738 0.0098409 0.0110119 0.0143340 0.0081751 0.0000000 0.0131378 0.0299783 0.0065353 0.0098325 0.0032549 0.0100138 0.0048959 0.0198309 0.0424620 0.2714753 0.0420741 0.0972145 0.0455705 0.0420741 0.1187980 0.0953558 0.0437616 0.2878525 0.2906107 0.0455877 0.2778414 0.0455705 0.0334294 0.0114720 0.0334294 0.1106846 0.0351596 0.0386175 0.0385501 0.0316716 0.0131320 0.0131320 0.0316716 0.0351111 0.0351111 0.0164595 0.0368395 0.0385492 0.0368334 0.0164595 0.0368305 0.0368908 0.0385501 0.0368334 0.2892296 0.2750444 0.0181874 0.0131251 0.0081723 0.2125913 0.0214722 0.0316792 0.0181566 0.2990812 0.2840879 0.0131330 0.2867494 0.2872116 0.2114473 0.0801077 0.2104182 0.2908838 0.1309426 0.1227747 0.1328930 0.1148797 0.0368679 0.0745183 0.0912567 0.1050159 0.0931995 0.2737202 0.2762214 0.0800253 0.0744491 0.1109360 0.0670851 0.2430252 0.2905690 0.0385907 0.1149598 0.1227141 0.1228145 0.1088781 0.1125741 0.1086738 0.2708236 0.1071992 0.1107193 0.2984213 0.2947209 0.2970396 0.1106444 0.2662921 0.1166800 0.2170722 0.0182123 0.0131520 0.0114737 0.0286301 0.0098203 0.0147896 0.0198642 0.0148343 0.0131673 0.0114748 0.0114737 0.2826824 0.1009847 0.1126250 0.1987534 0.2945435 0.2010783 0.2378695 0.2851131 0.0131271 0.0032552 0.1233216 0.1227404 0.0299719 0.0181154 0.2627817 0.0165621 0.2799138 0.2820267 0.2861110 0.0564486 0.2922711 0.0546458 0.0147941 0.2388467 0.0933207 0.2943842 0.2159472 0.2845174 0.2240716 0.2754712 0.2778594 0.1087378 0.0048894 0.0951328 0.0266125 0.2824189 0.2233114 0.0405080 0.1010151 0.0991362 0.0615222 0.0839856 0.1088726 0.0564220 0.0197943 0.2704491 0.2596512 0.0934321 0.0164469 0.0319669 0.0248900 0.1014179 0.0317989 0.0233398 0.2910752 0.0181182 0.0248583 0.0545306 0.0283533 0.0351185 0.0232939 0.0231763 0.0439376 0.2285878 0.0249018 0.2626608 0.2698327 0.0368623 0.0181269 0.2688440 0.2752329 0.2718284 0.2849959 0.2177229 0.1872211 
PP270022.1|Viet_Nam|NA|NA|Dengue_4|2014-12-02|2014.91780821918                 0.0642133 0.0231640 0.0235166 0.0114939 0.0234947 0.0164990 0.0132261 0.0216223 0.0114787 0.0131378 0.0000000 0.0368619 0.0098234 0.0131485 0.0164705 0.0133921 0.0181691 0.0266010 0.0495602 0.2718162 0.0491055 0.1049630 0.0526439 0.0491055 0.1268338 0.1030836 0.0472677 0.2882360 0.2909991 0.0491368 0.2782043 0.0526439 0.0403611 0.0048891 0.0403611 0.1185988 0.0386234 0.0456116 0.0455307 0.0385733 0.0065292 0.0065292 0.0385733 0.0420549 0.0420549 0.0098199 0.0438035 0.0455298 0.0437960 0.0098199 0.0437925 0.0438665 0.0455307 0.0437960 0.2840480 0.2753920 0.0249515 0.0198057 0.0114748 0.2128283 0.0282485 0.0385828 0.0249088 0.2994587 0.2898825 0.0198179 0.2925720 0.2930498 0.2116829 0.0857571 0.2059476 0.2912586 0.1433156 0.1308600 0.1452966 0.1228677 0.0403384 0.0801119 0.0989084 0.1128705 0.1008800 0.2794134 0.2819372 0.0875390 0.0818911 0.1188729 0.0744313 0.2380686 0.2909351 0.0455793 0.1229532 0.1307942 0.1350153 0.1167795 0.1205069 0.1165574 0.2711546 0.1151021 0.1186350 0.2932666 0.2950924 0.2974184 0.1185541 0.2666163 0.1246772 0.2125689 0.0115234 0.0065390 0.0048898 0.0217638 0.0032552 0.0081699 0.0131672 0.0115072 0.0065465 0.0048903 0.0048898 0.2830352 0.1087751 0.1205618 0.1989728 0.2949143 0.1966690 0.2331428 0.2854699 0.0065268 0.0164721 0.1314507 0.1308222 0.0368559 0.0248514 0.2578950 0.0233279 0.2802634 0.2823774 0.2919105 0.0636892 0.2926387 0.0618626 0.0214978 0.2391278 0.1049116 0.2947584 0.2161924 0.2794660 0.2243300 0.2705037 0.2782047 0.1166271 0.0114765 0.1028403 0.0334686 0.2827715 0.2235677 0.0475533 0.1088086 0.1069092 0.0651349 0.0917500 0.1167743 0.0636588 0.0265516 0.2707789 0.2599626 0.1011356 0.0231640 0.0389377 0.0317189 0.1092488 0.0387299 0.0301925 0.2914391 0.0248553 0.0316781 0.0617301 0.0352391 0.0420640 0.0301328 0.0299787 0.0510127 0.2239667 0.0317343 0.2629778 0.2701605 0.0403547 0.0248675 0.2691725 0.2755701 0.2721624 0.2853526 0.2177764 0.1874230 
PP270018.1|Viet_Nam|NA|NA|Dengue_4|2013-09-06|2013.67945205479                 0.0621662 0.0131388 0.0356771 0.0317376 0.0384205 0.0300293 0.0336306 0.0364786 0.0316942 0.0299783 0.0368619 0.0000000 0.0300016 0.0334394 0.0334090 0.0323040 0.0351818 0.0368896 0.0425320 0.2796931 0.0421214 0.1050567 0.0456221 0.0421214 0.1229771 0.0992798 0.0403353 0.3025194 0.3053332 0.0421477 0.2867338 0.0456221 0.0300426 0.0351142 0.0300426 0.1187076 0.0317646 0.0334594 0.0351457 0.0282966 0.0368477 0.0368477 0.0282966 0.0299885 0.0299885 0.0403090 0.0300035 0.0351450 0.0316967 0.0403090 0.0316942 0.0317464 0.0351457 0.0316967 0.2870675 0.2833224 0.0352325 0.0265628 0.0282605 0.2036573 0.0181421 0.0283034 0.0386214 0.2969599 0.2819779 0.0333968 0.2900827 0.2850935 0.2024731 0.0915196 0.2015032 0.2805001 0.1392782 0.1268994 0.1412509 0.1229819 0.0334667 0.0858128 0.0989952 0.1090109 0.1009690 0.2769622 0.2794795 0.0876140 0.0819603 0.1149769 0.0782142 0.2307648 0.2988458 0.0351826 0.1190322 0.1268361 0.1310278 0.1128996 0.1206179 0.1166639 0.2637344 0.1132040 0.1147493 0.3124321 0.2981122 0.3001453 0.1146713 0.2745313 0.1207556 0.2129932 0.0422468 0.0369061 0.0351200 0.0533218 0.0333975 0.0385647 0.0439268 0.0386868 0.0369511 0.0351235 0.0351200 0.2805634 0.1049443 0.1166671 0.1900376 0.2872674 0.1922839 0.2384366 0.2988533 0.0368326 0.0334123 0.1254747 0.1268632 0.0351508 0.0148006 0.2656703 0.0336121 0.2726779 0.2697696 0.2894303 0.0619142 0.2901480 0.0600922 0.0351135 0.2394197 0.1011015 0.3030802 0.2164426 0.2875340 0.2245955 0.2733785 0.2863045 0.1127530 0.0282650 0.1029315 0.0232519 0.2961001 0.2238308 0.0405546 0.1049763 0.1070050 0.0688407 0.0937643 0.1168813 0.0582898 0.0198259 0.2683614 0.2575832 0.1012252 0.0131388 0.0495031 0.0317428 0.1093476 0.0318513 0.0302153 0.2838470 0.0114785 0.0334035 0.0617800 0.0387260 0.0403473 0.0440197 0.0282893 0.0492699 0.2244305 0.0334630 0.2605842 0.2677519 0.0473644 0.0265713 0.2667504 0.2731424 0.2747822 0.2935120 0.2136282 0.1877759 
PP270019.1|Viet_Nam|NA|NA|Dengue_4|2014-01-08|2014.01917808219                 0.0560841 0.0164604 0.0175597 0.0049008 0.0161729 0.0098489 0.0065805 0.0143332 0.0048944 0.0065353 0.0098234 0.0300016 0.0000000 0.0065406 0.0098313 0.0066611 0.0115023 0.0198471 0.0424965 0.2663214 0.0421080 0.0972963 0.0456074 0.0421080 0.1188995 0.0954360 0.0403017 0.2823695 0.2851083 0.0456246 0.2724697 0.0456074 0.0334572 0.0081759 0.0334572 0.1107785 0.0351888 0.0351779 0.0385811 0.0316979 0.0098272 0.0098272 0.0316979 0.0316952 0.0316952 0.0131385 0.0334134 0.0385803 0.0334079 0.0131385 0.0334053 0.0334605 0.0385811 0.0334079 0.2784721 0.2698538 0.0182023 0.0131358 0.0048927 0.2127863 0.0214899 0.0317055 0.0181715 0.2938778 0.2843643 0.0131438 0.2870288 0.2874921 0.2116410 0.0783216 0.2106111 0.2911757 0.1351732 0.1188522 0.1371360 0.1149776 0.0334388 0.0727443 0.0913330 0.1051048 0.0932776 0.2739852 0.2764890 0.0800917 0.0745107 0.1110303 0.0671403 0.2432657 0.2853839 0.0386217 0.1150579 0.1228192 0.1269786 0.1089705 0.1126696 0.1087658 0.2658087 0.1072904 0.1108132 0.2931844 0.2950095 0.2917874 0.1107382 0.2612990 0.1167795 0.2172717 0.0148675 0.0098421 0.0081771 0.0252025 0.0065326 0.0114776 0.0165164 0.0115121 0.0098534 0.0081779 0.0081771 0.2775531 0.1010698 0.1127206 0.1989355 0.2893581 0.2012615 0.2431407 0.2799716 0.0098235 0.0098323 0.1193784 0.1228455 0.0299967 0.0181303 0.2526762 0.0165758 0.2747810 0.2769157 0.2863890 0.0564948 0.2870922 0.0546905 0.0148062 0.2441501 0.0972502 0.2891489 0.2210118 0.2740371 0.2292341 0.2704347 0.2727563 0.1088299 0.0048934 0.0952127 0.0266345 0.2772987 0.2284492 0.0405416 0.1011003 0.0992198 0.0615725 0.0840576 0.1089650 0.0564682 0.0198107 0.2654448 0.2547361 0.0935106 0.0164604 0.0319933 0.0249106 0.1015038 0.0318252 0.0233590 0.2859297 0.0181331 0.0248789 0.0545751 0.0283767 0.0351477 0.0233130 0.0231954 0.0439742 0.2288003 0.0249224 0.2577136 0.2648474 0.0368929 0.0181418 0.2638317 0.2702027 0.2667858 0.2798584 0.2179234 0.1919420 
PP270031.1|Viet_Nam|NA|NA|Dengue_4|2015-06-15|2015.45205479452                 0.0540051 0.0198130 0.0215608 0.0081923 0.0180158 0.0131720 0.0000022 0.0161659 0.0016266 0.0098325 0.0131485 0.0334394 0.0065406 0.0000000 0.0131486 0.0033205 0.0148341 0.0232265 0.0460428 0.2663315 0.0438599 0.1011795 0.0473699 0.0438599 0.1189026 0.0954384 0.0437979 0.2823810 0.2851199 0.0473878 0.2724805 0.0473699 0.0369186 0.0114816 0.0369186 0.1107813 0.0386615 0.0421424 0.0420681 0.0351441 0.0131430 0.0131430 0.0351441 0.0386080 0.0386080 0.0164733 0.0403476 0.0420672 0.0403408 0.0164733 0.0403375 0.0404053 0.0420681 0.0403408 0.2784829 0.2698641 0.0215785 0.0164699 0.0081787 0.2175472 0.0248725 0.0351527 0.0215417 0.2938893 0.2843752 0.0164800 0.2870399 0.2875033 0.2164226 0.0839400 0.2153592 0.2939827 0.1310590 0.1228831 0.1371397 0.1149806 0.0368981 0.0783079 0.0951662 0.1051074 0.0971257 0.2739955 0.2764994 0.0838530 0.0782348 0.1110332 0.0708149 0.2401131 0.2853949 0.0403628 0.1150608 0.1187971 0.1269820 0.1089733 0.1126725 0.1087686 0.2710951 0.1072931 0.1108160 0.2931959 0.2950210 0.2917989 0.1088084 0.2613085 0.1167825 0.2172787 0.0182276 0.0131630 0.0114833 0.0252030 0.0098283 0.0148020 0.0198809 0.0148467 0.0131783 0.0114844 0.0114833 0.2775636 0.1010723 0.1127235 0.2036476 0.2893693 0.2059338 0.2431492 0.2799823 0.0131381 0.0131499 0.1234310 0.1228487 0.0334339 0.0214925 0.2526852 0.0199526 0.2801989 0.2769262 0.2864000 0.0564961 0.2871032 0.0546917 0.0181520 0.2366829 0.0972526 0.2891602 0.2210192 0.2740474 0.2292419 0.2599781 0.2727666 0.1088326 0.0081799 0.0990748 0.0300574 0.2773092 0.2284569 0.0440607 0.1011028 0.1031158 0.0652040 0.0859939 0.1109852 0.0564695 0.0231836 0.2654545 0.2547452 0.0973702 0.0198130 0.0319940 0.0283197 0.1054294 0.0352861 0.0267798 0.2859407 0.0214958 0.0282834 0.0581740 0.0318146 0.0386162 0.0267270 0.0265912 0.0439752 0.2288080 0.0283333 0.2577229 0.2648571 0.0403737 0.0215063 0.2638414 0.2702128 0.2667957 0.2798691 0.2179305 0.1919479 
PP270033.1|Viet_Nam|NA|NA|Dengue_4|2015-11-02|2015.83561643836                 0.0601084 0.0197943 0.0215367 0.0114938 0.0161720 0.0098400 0.0132403 0.0179749 0.0114786 0.0032549 0.0164705 0.0334090 0.0098313 0.0131486 0.0000000 0.0133916 0.0048955 0.0232050 0.0459996 0.2769031 0.0455784 0.1010806 0.0490959 0.0455784 0.1228110 0.0992114 0.0472713 0.2878100 0.2905678 0.0491145 0.2835035 0.0490959 0.0368834 0.0147930 0.0368834 0.1146355 0.0386247 0.0421032 0.0420291 0.0351106 0.0164633 0.0164633 0.0351106 0.0385722 0.0385722 0.0198097 0.0403101 0.0420282 0.0403033 0.0198097 0.0403001 0.0403677 0.0420291 0.0403033 0.2947801 0.2805130 0.0215582 0.0164545 0.0114746 0.2173128 0.0248489 0.0351192 0.0181548 0.3045772 0.2894797 0.0131317 0.2921640 0.2926394 0.2161893 0.0838591 0.2151274 0.2964806 0.1350410 0.1268133 0.1370018 0.1188681 0.0403411 0.0782328 0.0950738 0.1089361 0.0970312 0.2790298 0.2815491 0.0837723 0.0781598 0.1148982 0.0707475 0.2482846 0.2960407 0.0420736 0.1189510 0.1267501 0.1268552 0.1128223 0.1165347 0.1126091 0.2761032 0.1111438 0.1146710 0.3039535 0.3002022 0.3025875 0.1145931 0.2715460 0.1206734 0.2218223 0.0215879 0.0164885 0.0147952 0.0320972 0.0131320 0.0181293 0.0232441 0.0181845 0.0165078 0.0147966 0.0147952 0.2880908 0.1048723 0.1165876 0.2034285 0.3000180 0.2057136 0.2428781 0.2905365 0.0164570 0.0032549 0.1273821 0.1267772 0.0334021 0.0214722 0.2679869 0.0199337 0.2853237 0.2874152 0.2915050 0.0600576 0.2977376 0.0582428 0.0181349 0.2438851 0.0971579 0.2999125 0.2207770 0.2899228 0.2289879 0.2807764 0.2832366 0.1126759 0.0081727 0.0989783 0.0300289 0.2878190 0.2282049 0.0440186 0.1049042 0.1030148 0.0651424 0.0878572 0.1128170 0.0600291 0.0231617 0.2757171 0.2648179 0.0972753 0.0197943 0.0319637 0.0282929 0.1053257 0.0352526 0.0267546 0.2965052 0.0214755 0.0282566 0.0581191 0.0317844 0.0385804 0.0232915 0.0265660 0.0474641 0.2334736 0.0283065 0.2678635 0.2750798 0.0403363 0.0214860 0.2741197 0.2805311 0.2771382 0.2904155 0.2224936 0.1917449 
PP270046.1|Viet_Nam|NA|NA|Dengue_4|2014-11-11|2014.8602739726                  0.0531853 0.0184758 0.0218841 0.0066555 0.0202561 0.0134165 0.0021837 0.0164956 0.0016564 0.0100138 0.0133921 0.0323040 0.0066611 0.0033205 0.0133916 0.0000000 0.0151091 0.0236608 0.0451319 0.2481045 0.0446948 0.0932364 0.0482742 0.0446948 0.1148750 0.0933112 0.0410911 0.2716686 0.2744152 0.0465076 0.2564904 0.0482742 0.0358614 0.0116934 0.0358614 0.1048607 0.0376333 0.0411728 0.0393327 0.0340587 0.0133858 0.0133858 0.0340587 0.0375803 0.0375803 0.0167785 0.0393490 0.0410982 0.0393423 0.0167785 0.0393391 0.0394062 0.0393327 0.0393423 0.2602220 0.2515616 0.0219815 0.0150785 0.0083296 0.2077725 0.0236184 0.0340672 0.0219443 0.2759071 0.2664170 0.0167855 0.2690516 0.2688809 0.2065861 0.0759497 0.2055721 0.2867696 0.1273372 0.1211316 0.1355889 0.1110921 0.0340825 0.0703029 0.0872246 0.1031103 0.0891863 0.2561342 0.2586199 0.0758708 0.0702368 0.1091158 0.0627983 0.2193390 0.2673514 0.0375948 0.1131981 0.1169901 0.1252867 0.1070298 0.1067688 0.1048282 0.2532845 0.1073184 0.1089001 0.2831381 0.2769494 0.2816905 0.1088253 0.2487575 0.1149479 0.2147019 0.0185675 0.0134067 0.0116952 0.0291987 0.0100095 0.0150757 0.0202515 0.0151223 0.0134226 0.0116963 0.0116952 0.2595960 0.1009921 0.1108346 0.1887372 0.2713825 0.1961377 0.2355420 0.2699021 0.0133807 0.0117002 0.1216793 0.1210973 0.0305719 0.0201835 0.2485064 0.0203268 0.2621066 0.2590117 0.2651757 0.0539406 0.2691055 0.0521112 0.0184889 0.2316461 0.0971081 0.2790432 0.2086281 0.2562826 0.2167738 0.2474980 0.2601256 0.1068897 0.0083308 0.0911394 0.0288851 0.2672280 0.2160332 0.0413303 0.0990538 0.0951793 0.0627864 0.0857980 0.1050217 0.0539149 0.0201867 0.2477396 0.2397139 0.0894109 0.0184758 0.0343741 0.0271200 0.0974716 0.0324387 0.0202516 0.2680389 0.0201867 0.0253534 0.0556478 0.0289217 0.0340664 0.0254886 0.0236374 0.0412490 0.2263642 0.0253987 0.2400942 0.2471988 0.0376050 0.0184849 0.2460757 0.2524775 0.2514459 0.2697944 0.2129484 0.1890371 
PP270047.1|Viet_Nam|NA|NA|Dengue_4|2014-11-12|2014.86301369863                 0.0622628 0.0215051 0.0235749 0.0131729 0.0217021 0.0148470 0.0155049 0.0198338 0.0131554 0.0048959 0.0181691 0.0351818 0.0115023 0.0148341 0.0048955 0.0151091 0.0000000 0.0215155 0.0478466 0.2706608 0.0474073 0.1031910 0.0509410 0.0474073 0.1250402 0.1013128 0.0491055 0.2811811 0.2839038 0.0509605 0.2769703 0.0509410 0.0386734 0.0164832 0.0386734 0.1168157 0.0404230 0.0439172 0.0438395 0.0368903 0.0181611 0.0181611 0.0368903 0.0403677 0.0403677 0.0215219 0.0421137 0.0438386 0.0421066 0.0215219 0.0421032 0.0421732 0.0438395 0.0421066 0.2912874 0.2742121 0.0232834 0.0181514 0.0131508 0.2153603 0.0265818 0.0368994 0.0232436 0.3036769 0.2886445 0.0181626 0.2913167 0.2917892 0.2142258 0.0858787 0.2131754 0.2943681 0.1373399 0.1290637 0.1393101 0.1210766 0.0421461 0.0802234 0.0971473 0.1110895 0.0991159 0.2782398 0.2807486 0.0857892 0.0801482 0.1170852 0.0726982 0.2398351 0.2896851 0.0438862 0.1211611 0.1289989 0.1291070 0.1149956 0.1187235 0.1147772 0.2753266 0.1133145 0.1168517 0.2975016 0.2993185 0.3016852 0.1167719 0.2655197 0.1228878 0.2198675 0.0233158 0.0181891 0.0164857 0.0338874 0.0148153 0.0198338 0.0249764 0.0198945 0.0182105 0.0164874 0.0164857 0.2872576 0.1070008 0.1187776 0.2014665 0.2991360 0.2037732 0.2422368 0.2842552 0.0181541 0.0048959 0.1296458 0.1290266 0.0351748 0.0231901 0.2620272 0.0216571 0.2844989 0.2865870 0.2906631 0.0619625 0.2968643 0.0601387 0.0198400 0.2432371 0.0992459 0.2934776 0.2202187 0.2836639 0.2234701 0.2799816 0.2770319 0.1148457 0.0098348 0.1010737 0.0317896 0.2815740 0.2276188 0.0458487 0.1070337 0.1051353 0.0670619 0.0899489 0.1149904 0.0619339 0.0248873 0.2749434 0.2589118 0.0993667 0.0215051 0.0372386 0.0300442 0.1074661 0.0370402 0.0285098 0.2956416 0.0231937 0.0300054 0.0600111 0.0335553 0.0403764 0.0284534 0.0283080 0.0493061 0.2314880 0.0300587 0.2671230 0.2743112 0.0421411 0.0232051 0.2733498 0.2797381 0.2763540 0.2841393 0.2205316 0.1898238 
PP270049.1|Viet_Nam|NA|NA|Dengue_4|2014-11-04|2014.84109589041                 0.0663223 0.0265602 0.0057946 0.0215466 0.0235295 0.0181827 0.0268243 0.0234966 0.0215176 0.0198309 0.0266010 0.0368896 0.0198471 0.0232265 0.0232050 0.0236608 0.0215155 0.0000000 0.0549751 0.2655893 0.0526708 0.1089178 0.0562318 0.0526708 0.1309467 0.1070267 0.0543749 0.2872896 0.2900380 0.0562535 0.2716876 0.0562318 0.0438721 0.0248873 0.0438721 0.1226448 0.0456364 0.0491566 0.0490688 0.0420683 0.0265902 0.0265902 0.0420683 0.0455725 0.0455725 0.0299964 0.0473324 0.0490677 0.0473242 0.0299964 0.0473204 0.0474010 0.0490688 0.0473242 0.2858986 0.2691058 0.0115106 0.0231822 0.0181450 0.2150782 0.0316764 0.0420788 0.0266177 0.2903094 0.2862534 0.0231968 0.2889171 0.2893838 0.2139443 0.0952988 0.2128980 0.2938435 0.1433489 0.1350001 0.1453304 0.1269541 0.0473681 0.0895576 0.0989312 0.1168834 0.1047978 0.2758790 0.2783812 0.0913655 0.0856785 0.1189005 0.0819099 0.2426217 0.2845843 0.0491214 0.1270423 0.1349317 0.1350467 0.1208181 0.1245634 0.1205867 0.2677011 0.1191411 0.1226819 0.2978547 0.2968941 0.2992328 0.1185815 0.2606058 0.1287689 0.2195753 0.0318543 0.0266317 0.0248912 0.0426510 0.0231973 0.0282830 0.0335239 0.0283708 0.0266635 0.0248937 0.0248912 0.2794535 0.1127530 0.1205897 0.2012116 0.2912426 0.2035169 0.2399872 0.2845926 0.0265797 0.0232073 0.1356141 0.1349606 0.0403413 0.0282576 0.2571558 0.0267491 0.2766904 0.2788112 0.2882721 0.0673669 0.2889814 0.0655274 0.0248868 0.2460531 0.1088634 0.2938288 0.2229012 0.2786212 0.2262867 0.2723216 0.2720110 0.1206594 0.0181477 0.1028641 0.0369389 0.2819080 0.2254109 0.0511248 0.1127882 0.1108773 0.0688001 0.0957085 0.1208132 0.0673344 0.0299693 0.2673342 0.2540737 0.1050656 0.0265602 0.0424688 0.0351748 0.1132480 0.0422402 0.0336603 0.2878102 0.0282622 0.0351291 0.0653857 0.0387251 0.0455826 0.0335936 0.0334205 0.0546005 0.2311644 0.0351920 0.2596034 0.2667312 0.0473634 0.0317007 0.2631279 0.2720879 0.2660685 0.2844764 0.2250573 0.1941643 
PP396732.1|Cambodia|NA|NA|Dengue_4|2022-02-14|2022.12054794521                 0.0797226 0.0285534 0.0507232 0.0442951 0.0543628 0.0460863 0.0507663 0.0523212 0.0442326 0.0424620 0.0495602 0.0425320 0.0424965 0.0460428 0.0459996 0.0451319 0.0478466 0.0549751 0.0000000 0.3023943 0.0372552 0.1200386 0.0407592 0.0372552 0.1427009 0.1180990 0.0183219 0.3178792 0.3207718 0.0407745 0.3075022 0.0407592 0.0251619 0.0442235 0.0251619 0.1341384 0.0303240 0.0303300 0.0337295 0.0268362 0.0495413 0.0495413 0.0268362 0.0268474 0.0268474 0.0531079 0.0251417 0.0268426 0.0285637 0.0531079 0.0285615 0.0286087 0.0337295 0.0285637 0.3042167 0.3062206 0.0514865 0.0424576 0.0406861 0.2295694 0.0302860 0.0337634 0.0531949 0.3228078 0.3068746 0.0495453 0.3153637 0.3101831 0.2308688 0.1060348 0.2296919 0.3091249 0.1533806 0.1468658 0.1427182 0.1385995 0.0116035 0.1001329 0.1137309 0.1282355 0.1157793 0.3016650 0.3042837 0.0980666 0.0961358 0.1344627 0.0922629 0.2516111 0.3191612 0.0337651 0.1363545 0.1385580 0.1448575 0.1302587 0.1361024 0.1320153 0.2933402 0.1264579 0.1321575 0.3303369 0.3012858 0.3319771 0.1340839 0.2964859 0.1384038 0.2271478 0.0551692 0.0496222 0.0477594 0.0667195 0.0459831 0.0513063 0.0568791 0.0514742 0.0496849 0.0477643 0.0477594 0.3002157 0.1239709 0.1341288 0.2179831 0.3127595 0.2153384 0.2591332 0.3134064 0.0495197 0.0460043 0.1475535 0.1447602 0.0531824 0.0302737 0.2791647 0.0480882 0.3057458 0.2998184 0.3036257 0.0811082 0.3158080 0.0792060 0.0477756 0.2576293 0.1159351 0.3291812 0.2362005 0.3017210 0.2391306 0.2874027 0.3062128 0.1320975 0.0442235 0.1178124 0.0355875 0.3163029 0.2439194 0.0570766 0.1240113 0.1220523 0.0787774 0.1066669 0.1322719 0.0810674 0.0354895 0.2929107 0.2815693 0.1080768 0.0285534 0.0701429 0.0443028 0.1245323 0.0374000 0.0463827 0.3144371 0.0302786 0.0513489 0.0715699 0.0551407 0.0622036 0.0606553 0.0460416 0.0716236 0.2390797 0.0514450 0.2847648 0.2867112 0.0604006 0.0477984 0.2913264 0.2978700 0.2997620 0.3190219 0.2229570 0.2058764 
